11.498940593013852, 106.4631842694133311.498819259907801, 106.46355664412803
11.498287563919893, 106.46519365210403
11.498166737685624, 106.4655658870072
11.497683557879007, 106.46681194014971
11.497644103293087, 106.46691287120939
11.497497566472767, 106.46729064898126
11.496871151552607, 106.4683556412498
11.496765680189052, 106.46853443599173
11.496702177506869, 106.4686429417541
11.496639191123311, 106.46874955518356
11.496581176028272, 106.46884749573873
11.496530482233911, 106.46893356635424
11.496472056128601, 106.46903298805503
11.496429696301533, 106.46910523266543
11.496391995360543, 106.46916972802353
11.496348773963298, 106.4692295041427
11.49630415295042, 106.46929097522302
11.496266352818056, 106.46934240036451
11.496233017420725, 106.46938872753432
11.49618631194031, 106.46945245809181
11.496143484501312, 106.46951164624943
11.49610686080236, 106.46956215873699
11.496079833989072, 106.46959931555871
11.496010171076563, 106.46969492039145
11.495950632225966, 106.4697768311154
11.495835108143304, 106.47218870482494
11.495827184487206, 106.47232640631839
11.495342007681854, 106.47477554306444
11.495336604837156, 106.47576007453122
11.495402522468659, 106.47648129933573
11.495531212899268, 106.47680058553036
11.496225676724107, 106.47748372840209
11.496659170278722, 106.47780097714319
11.497045291694603, 106.47815239854516
11.497206666492236, 106.47871967996838
11.497276339768812, 106.47991344027311
11.49746552133852, 106.4803854432732
11.497547689438145, 106.48053852235742
11.498162799205474, 106.48075034089324
11.49858663721916, 106.48080640095074
11.498791045846932, 106.48101485721175
11.49897416357791, 106.48137534956085
11.499025708452432, 106.48205498924196
11.498970794165633, 106.48226353243946
11.49872315417282, 106.48262221857259
11.498059347880922, 106.48331224365099
11.497743411710212, 106.48382186533895
11.49766014630832, 106.48401710536793
11.49768576385012, 106.4840700716339
11.497962504668209, 106.48509873081534
11.497876906473296, 106.48570833724548
11.49787440943596, 106.48613767965351
11.49802268389835, 106.48658275133883
11.498587981719723, 106.48729028130862
11.499144643699061, 106.48824962812604
11.499279346534214, 106.48865435980152
11.499250389328603, 106.48905520568309
11.499167786664183, 106.48916509633543
11.498756549589698, 106.48935731863938
11.497714927883793, 106.4893235603335
11.497316015263783, 106.4894752301323
11.49722003399089, 106.48965355366097
11.497231632360492, 106.48984985185751
11.497340715977998, 106.49014039076958
11.497715286796375, 106.49066856919595
11.497767575038965, 106.49087497848114
11.497753778556078, 106.49126389187494
11.496826849452562, 106.49292130651205
11.496314513150542, 106.49350853615162
11.495732004552714, 106.49407830986702
11.495014920559381, 106.49453366305835
11.494478584278156, 106.49496026086867
11.494381164031948, 106.49525140860369
11.4943863523613, 106.49548738798822
11.494425903520767, 106.49588858843211
11.494698000320739, 106.49640352975888
11.495092350538172, 106.4967520772052
11.495188237276825, 106.49704261963038
11.495201361812207, 106.49719592300968
11.495122733349014, 106.49731036066662
11.494993860372274, 106.49749712353186
11.494918606119352, 106.49756522383112
11.494786767765904, 106.49768429135037
11.494702395636743, 106.49776000983744
11.494634075547182, 106.49782161106705
11.49459347968383, 106.49785818380772
11.49456588079435, 106.49788194195207
11.494452936772797, 106.49797886861478
11.494366782159561, 106.49805217325347
11.494162346980252, 106.49822736792511
11.493611079126909, 106.49851703801811
11.49273067533929, 106.49912317132592
11.49233857245854, 106.4994937629001
11.492194077276318, 106.49960459369098
11.491766013602287, 106.5001709093786
11.491699053123748, 106.5004363447106
11.491772812636714, 106.50087013336828
11.491482694620528, 106.5013018156276
11.49115804153112, 106.50161998918448
11.490558225081827, 106.50195893292172
11.490047769532858, 106.50232343214773
11.48995869829028, 106.50240921876669
11.489751517235726, 106.50260826261477
11.489663007449776, 106.50269355048563
11.489531953770197, 106.50281984092017
11.489407189498243, 106.50294971039604
11.489341383817788, 106.50301926788784
11.488623958974028, 106.50377506382576
11.488178026480147, 106.50440157448983
11.488007188190588, 106.50476646228256
11.487928455568287, 106.50511652839234
11.487936402136247, 106.50539875257245
11.487854583233958, 106.50566496886262
11.487482944516108, 106.50654852553416
11.487355636611579, 106.50710058422577
11.487264045655559, 106.50731586193237
11.487131185114684, 106.5075259866697
11.486792743414325, 106.50781628545406
11.486775655980631, 106.50790723825376
11.486774562035158, 106.50807237767225
11.48669629675528, 106.50831082139574
11.486393323948105, 106.50890259415193
11.486372359475084, 106.5090378097811
11.4862536604253, 106.50918676418868
11.48613611953312, 106.50931389784759
11.485958903016146, 106.50953509749363
11.48586770094549, 106.5096171655989
11.485769170443442, 106.50978335405065
11.485686273189458, 106.51000751237815
11.485661602032136, 106.51014145321955
11.485533271380211, 106.51029171298617
11.48537878540862, 106.51047305704482
11.485288573821164, 106.5106706847291
11.485118902183375, 106.51093531877524
11.48497165318335, 106.51104419823699
11.484718999470584, 106.51111845344661
11.48429684032069, 106.51120102534902
11.484139591285347, 106.5112828550188
11.483748425788065, 106.51176378055007
11.483665039581862, 106.51188192217558
11.483622812914632, 106.51209736110349
11.483621829144528, 106.51223751706605
11.483581610116948, 106.51239250584459
11.483522502615328, 106.5125449710835
11.483383794354591, 106.5127583014074
11.483326839015294, 106.51284346136899
11.48306991703943, 106.5132259149362
11.482657708788553, 106.51393476827432
11.482349246491562, 106.5145742668683
11.482257571960718, 106.51490672179177
11.482327278002707, 106.51557128065407
11.48229355961387, 106.51573988262243
11.482260647805662, 106.5159019965032
11.482223347497428, 106.51607373389271
11.482223312910765, 106.5160735969911
11.482315360994056, 106.51616438980733
11.48228140813534, 106.51630092577527
11.48214521496941, 106.5164147503897
11.481948468055558, 106.51648502704408
11.481777599390188, 106.51666744885503
11.481571256974037, 106.51709156423088
11.481366349898792, 106.51793781520915
11.481514917224597, 106.51845334978398
11.481711989836562, 106.51890836703382
11.481710662518527, 106.51909061804517
11.481678315065547, 106.51922367623695
11.481474037868498, 106.51970666556954
11.481257099087415, 106.52033843822925
11.48123127548665, 106.52069259794185
11.481200715431106, 106.520804005665
11.481098683812045, 106.52106992413687
11.480802976752683, 106.52142260007629
11.48058405789166, 106.52157468685458
11.480334789594908, 106.52170723784707
11.48016252587449, 106.52190705129469
11.479988335002611, 106.52221336093548
11.479854991502776, 106.5224128463392
11.479797772809889, 106.52262668170567
11.479690360863668, 106.52286830602256
11.47952262883439, 106.52311563698265
11.479180697771676, 106.52356724449558
11.479130713223377, 106.52369246483609
11.479104413401632, 106.52406796261067
11.479110938472736, 106.52429420349354
11.479102063367625, 106.52444899858841
11.479052458523995, 106.52459779690493
11.478952626110868, 106.52478182683679
11.478787719635774, 106.52497151749563
11.478456583641963, 106.52527813259209
11.476883264321398, 106.5276641961521
11.47666534104241, 106.52820739376696
11.476446475234935, 106.52829583118164
11.476211390437301, 106.528453217304
11.476057243760973, 106.52863858943681
11.476019751966401, 106.52868372845461
11.475487483650873, 106.52920274961701
11.475269432309586, 106.52977130516555
11.475216912321144, 106.53017214828286
11.474764401259497, 106.53072816505025
11.473666009761711, 106.53247255809512
11.473471526024873, 106.53297504048119
11.472786961859095, 106.533673820068
11.4723078177345, 106.53399771579674
11.471535398899366, 106.53504201438787
11.471288512383202, 106.535251366738
11.471275264011892, 106.53543425413122
11.471275510213097, 106.53567622293998
11.470770851796184, 106.53665920824331
11.470628637440143, 106.53684014228736
11.47057744512685, 106.53726658108758
11.470371105169445, 106.53753774808506
11.470193491623935, 106.53757589568559
11.469956983345668, 106.53760346097977
11.46955674064232, 106.53802948545066
11.469077867932612, 106.53841736057994
11.4689359479145, 106.53879161184774
11.468666112691343, 106.53901077968885
11.46863386813861, 106.5390391400325
11.468315725997243, 106.53932113744393
11.468265184061673, 106.53976572883751
11.468186642624332, 106.54092378569796
11.468366723818434, 106.54220333494634
11.468122387809043, 106.54301732198645
11.468122394912163, 106.54372856483059
11.468251284244255, 106.54412961777341
11.468548347822402, 106.54460847993097
11.468625822786832, 106.5451896541291
11.468599482517797, 106.54571864689092
11.469025713578255, 106.54620799105375
11.46955616407077, 106.54671355650984
11.470280691730682, 106.54703697236681
11.470681359218519, 106.54758006188803
11.471094188054519, 106.54839412439647
11.471791811107606, 106.54884688525865
11.472011626232463, 106.54907428246877
11.47291661762525, 106.5500099979003
11.473458601081434, 106.55026749320594
11.4740539184376, 106.55034529038294
11.474337847371824, 106.55033319176792
11.474650593181961, 106.55044588091825
11.47477137470524, 106.55061565538757
11.475107692498828, 106.55080964778497
11.475326544939614, 106.55099582857856
11.475864061695374, 106.55122790681463
11.476333261631757, 106.55146244552886
11.477060368704276, 106.55176297625428
11.477313639231465, 106.55216235929336
11.477660611441468, 106.55281751245462
11.47800030602127, 106.55405016134853
11.478637722533225, 106.55458731127123
11.479336990370678, 106.55481357272447
11.480039021543627, 106.554871500547
11.47870370834811, 106.55571775199171
11.478516584032466, 106.55583604023967
11.478171216643016, 106.55605487325886
11.478047135919196, 106.55613351225497
11.4778944167919, 106.556230318084
11.47780316448652, 106.55628805244525
11.47752543710776, 106.55647581238637
11.477299909484222, 106.556628376495
11.477058528461635, 106.5567915930333
11.476150659206017, 106.55740626042488
11.475818501037844, 106.55763085681917
11.473736076540163, 106.55919516013985
11.473336719973789, 106.5594951919899
11.47323313552768, 106.55957289404755
11.472980841511667, 106.55976264903273
11.472893023396212, 106.55982858263484
11.47282568260754, 106.55987889018293
11.472720093511352, 106.55995792622403
11.47265886630661, 106.56000443084574
11.47258952354479, 106.56005603413088
11.472517125792264, 106.56011097907441
11.47217308598892, 106.56036898915869
11.472125406241402, 106.56040369858698
11.47204933698535, 106.56045767914883
11.471744018555356, 106.56067738015282
11.471468860692537, 106.56087459474107
11.471294440765467, 106.56100047623337
11.470277094654541, 106.56173133449343
11.470037132223055, 106.56190319640339
11.469833508145237, 106.5620498583943
11.46964445841438, 106.56218537576466
11.469510749233313, 106.56228154200541
11.469454936752705, 106.56232051073279
11.46928778195427, 106.5624370333638
11.468985055637653, 106.56264791207992
11.468903907899003, 106.56270462892961
11.468820831163557, 106.56276264342468
11.468499473661655, 106.56298761997269
11.467810517170866, 106.56348236967496
11.465353406584168, 106.56524683023763
11.464331402426424, 106.56615345832024
11.463972205277903, 106.56647033094268
11.463860419666602, 106.56657136611757
11.463614719355482, 106.5667886916111
11.463387834635467, 106.56699034750307
11.462554655228612, 106.5677292230662
11.462292235710034, 106.56796213600616
11.462042766585045, 106.56818350716658
11.461407984895489, 106.568746159499
11.461178358886183, 106.56895004415028
11.46094683719307, 106.56915114535224
11.460718048167582, 106.5693584642077
11.460537089666705, 106.56951776617593
11.460338970610495, 106.56969479406528
11.460263306516424, 106.56976145807998
11.460075702306042, 106.5699280131253
11.459977381893257, 106.57001547167042
11.459817970483199, 106.57015631292927
11.459747499962857, 106.57021880818984
11.459683236752825, 106.57027614489085
11.45960753932873, 106.57034329081114
11.458105204173558, 106.5716759003343
11.45802808762581, 106.57174427540673
11.457943913175386, 106.57181867410861
11.457861707373606, 106.57189166917395
11.457774787750294, 106.5719687946023
11.457696039423025, 106.57203859941541
11.45760904189415, 106.57211563235221
11.457089638814246, 106.57257625353655
11.456368019986137, 106.57321622408298
11.455402019417553, 106.57297676782832
11.454112542785841, 106.57251271686486
11.45300489269984, 106.57191044838534
11.451791903281672, 106.57102745176607
11.450451507984837, 106.56981876045002
11.449764343394536, 106.56886884368369
11.449152193437348, 106.56788418371245
11.448624327996335, 106.56743816773995
11.447779691608037, 106.5667925632329
11.446540131958143, 106.56591668967754
11.445948266329518, 106.56557938837281
11.445223046250167, 106.56508246425035
11.44462026994571, 106.56445395052452
11.443019180922384, 106.5625099093248
11.441957848513368, 106.56079354238419
11.44186066505578, 106.56063648312352
11.441134080790345, 106.5598857655594
11.440212172736242, 106.55940638354015
11.4396452078831, 106.55896409210487
11.439571105402166, 106.55861748687178
11.439631500255215, 106.55803919671912
11.43988244585404, 106.55702721345072
11.439914961962954, 106.55689629378517
11.440050869601214, 106.55627839125279
11.440002530617443, 106.55558912244888
11.439115020062099, 106.5536684098282
11.438635991580336, 106.55316499649486
11.437972145957229, 106.5520346911419
11.437146692058064, 106.55028392314644
11.436408209410095, 106.54899049308621
11.435643660888513, 106.54802934042843
11.434682441737255, 106.54717988400738
11.433808359852595, 106.54652840543461
11.432639027994865, 106.54599828880139
11.43020199617593, 106.5451488248159
11.429290911201392, 106.54459633583107
11.429221540305136, 106.54455477642585
11.429051293840457, 106.54445129145827
11.428931616063174, 106.54437944587545
11.428706985722302, 106.54423173323792
11.428566540957995, 106.54413981849925
11.428413921694709, 106.54403840577704
11.428269636954523, 106.54394445271905
11.42798789568573, 106.54375887898665
11.427309973335706, 106.5430567920736
11.426706212492608, 106.54186093716429
11.426238198261325, 106.54155411499309
11.425044921163414, 106.54124698460551
11.423984609566833, 106.54117335163633
11.42328267410045, 106.54133294087617
11.422754248306147, 106.54153003960188
11.421977003240434, 106.542255900064
11.420723863349785, 106.54379503157674
11.420070578889538, 106.5442256610538
11.419538727768181, 106.54432201244501
11.419463688109358, 106.54433549651236
11.418321336562993, 106.54446042009415
11.417805038662339, 106.54466817975927
11.416942623915197, 106.54539548306994
11.416598527054893, 106.54599874783216
11.41573765262424, 106.54661422035379
11.415119902370119, 106.54683744273302
11.415090822319044, 106.54684796789878
11.415017230100542, 106.54687473968116
11.414944862940434, 106.54690091702815
11.4148591824612, 106.5469326959635
11.414798647623925, 106.54695392537205
11.414754139526426, 106.5469700745817
11.414717090084812, 106.54698358134416
11.414628187965752, 106.54701629285356
11.414515899752336, 106.54705748774553
11.414471089990165, 106.547073952598
11.414425395665882, 106.54709091688093
11.413747085493116, 106.54733911542043
11.411972002231783, 106.54775729759733
11.410756210421951, 106.54783595012375
11.40919813351148, 106.54771906267156
11.40764332363819, 106.54797936932428
11.406605549871774, 106.54799286344154
11.405475807817238, 106.54762794076021
11.405073695122871, 106.54764136354369
11.403594898276797, 106.54788830962885
11.403012673846275, 106.54774630068414
11.402233195285513, 106.54713745887217
11.4008838492141, 106.546280090686
11.399729812287509, 106.54598109201356
11.398329410269124, 106.54578791070547
11.39688122982847, 106.54576143180398
11.39605881475777, 106.54571015678611
11.395761096853537, 106.54554184175356
11.39546617628582, 106.54518121876042
11.395072911060101, 106.5446063547767
11.394684367081085, 106.54443906116975
11.39415544891305, 106.54436146272081
11.393282635270777, 106.54429538783432
11.392753725059626, 106.54393412896606
11.392247459609383, 106.54345409853636
11.391547618751153, 106.54265217008334
11.390897630634939, 106.54179156434118
11.390338675349113, 106.54140987318486
11.390191817994564, 106.54130951166371
11.390035300836265, 106.54120277880291
11.389942881146865, 106.54113999718723
11.389902628337683, 106.54111240943642
11.389405567869826, 106.54076876173878
11.388976709077708, 106.54006673682031
11.388509902691174, 106.5396508215006
11.14179284053682, 106.50758576425673
11.14195335259836, 106.50713657624254
11.141979818055706, 106.50621200725047
11.14132902692148, 106.50453293657621
11.140454841261416, 106.50266167140909
11.140234730263195, 106.50146499714873
11.140826654644096, 106.49994205286414
11.142183767386296, 106.49793530945145
11.143387952218152, 106.49512080663416
11.144127081163662, 106.49269460335107
11.144539122123417, 106.49043334935556
11.144353583110904, 106.48808871167229
11.143485051163264, 106.48521567273366
11.142345638793103, 106.48237184461445
11.142185231836567, 106.48069156305183
11.142104643556518, 106.47911541916267
11.142874513879406, 106.47533704572797
11.14305576753143, 106.47255134951182
11.14324668962479, 106.47205448833151
11.1459622570526, 106.46971325893087
11.146521786973375, 106.46901028930937
11.147055103878648, 106.46808546235278
11.147409633400521, 106.46731404123761
11.147655261743527, 106.46717704513264
11.147899878838853, 106.467121978888
11.148295056431278, 106.46719143545721
11.148744474616416, 106.467440646683
11.150079898213043, 106.46882416977817
11.151303970930694, 106.46981826537507
11.152534467871032, 106.47052722738484
11.153400090663405, 106.47093897841832
11.153752917759672, 106.47107696983103
11.154107151434667, 106.47114678350951
11.15455879956977, 106.47106747989234
11.15497998491724, 106.4708313586594
11.15540337362263, 106.4704186416376
11.15588115460211, 106.46960542003225
11.156442469387859, 106.46720594759817
11.157154277866525, 106.46603326139942
11.159786304647076, 106.4641326558499
11.16003252335445, 106.46355413426365
11.160046778871084, 106.46297449578825
11.159721994881648, 106.46229757792509
11.159138995861563, 106.46165197225885
11.158456630935762, 106.46070940041525
11.158129663039611, 106.46000471095594
11.15821225032858, 106.45953795064483
11.158391158317228, 106.45897110024431
11.158920200051226, 106.45829828493956
11.160161233319021, 106.45695374567067
11.160291589577536, 106.45640775991393
11.16027048452316, 106.45595008962316
11.15994179013828, 106.45518902737405
11.159175579369142, 106.45392065309109
11.158392055909452, 106.45301913867239
11.157704665960503, 106.45240966485855
11.156778658599583, 106.4519169692091
11.155800705687277, 106.45162500953292
11.1547754074999, 106.45148661920332
11.153864167859973, 106.45147213265126
11.15292607547287, 106.45152420399923
11.15201260236231, 106.45175881292171
11.151684516904789, 106.45195097059424
11.151438462807123, 106.45232266240939
11.1514107898899, 106.45299874929958
11.151533645988543, 106.45350095041591
11.151791468252254, 106.45416347534409
11.15302786771827, 106.45566425747803
11.153204093918005, 106.45613343094908
11.153271542532263, 106.45671313641695
11.153093997270119, 106.45719564561693
11.152602030860708, 106.4577190629393
11.151920751308072, 106.45800857825004
11.150227796858893, 106.45808853239043
11.149492898843729, 106.45808672260067
11.148065316309726, 106.45823671509257
11.146607538763979, 106.45804228457314
11.144782758789024, 106.45757053619
11.14348902479409, 106.45689173337475
11.14136395563198, 106.45621199503192
11.140576143140018, 106.45579774290067
11.13973257660766, 106.45465094048232
11.13831882526819, 106.45331072014748
11.136969987903711, 106.45188667120658
11.13652151581366, 106.45119766496092
11.136196597494324, 106.45042325491201
11.135982195565028, 106.44796694053845
11.135900685700177, 106.44599220785089
11.13590964757363, 106.44447373051827
11.136009542414532, 106.44358598509501
11.13614250624457, 106.44315017683373
11.13678131661875, 106.44226722590506
11.137930493496775, 106.44128395194559
11.13860880393149, 106.44034228543967
11.139077911031997, 106.43950084606071
11.13951883922553, 106.43861920020434
11.139890425535741, 106.43759558669493
11.140298297167012, 106.43676781226428
11.141098193031793, 106.43606546165344
11.142248987334732, 106.43536408726756
11.142971797423618, 106.43511199562607
11.143629889435863, 106.43466233358214
11.144473671783182, 106.43369897345525
11.145886993422463, 106.43237280708863
11.14781789913314, 106.43036588801579
11.148519100085378, 106.42999296960875
11.149073872419423, 106.43002511040623
11.149720601066432, 106.4301833777789
11.150084013437622, 106.43065437980565
11.150194850410639, 106.43159724642662
11.15033114968659, 106.43238049308741
11.150690210188495, 106.43285632617939
11.151426851737565, 106.43337214141492
11.153001949028157, 106.43430057392875
11.154922340146674, 106.43631800855458
11.156127506243962, 106.43688776454363
11.157772104337141, 106.43720546794029
11.160281344355612, 106.43675625315724
11.161531242459628, 106.43607598939502
11.162274442300074, 106.4353709201896
11.162300906500885, 106.43534607928588
11.163474444636254, 106.43423443121299
11.16516154711761, 106.43325922539815
11.165992796115288, 106.43294223782331
11.166663972384383, 106.43282822753514
11.168856785081703, 106.43267921847256
11.170706385693357, 106.43286452824232
11.17134215178334, 106.43284428723516
11.172262418849707, 106.43254766865522
11.173413016791256, 106.43185748731858
11.174619547609444, 106.43048635343287
11.17479601904081, 106.42975145805352
11.174607563052682, 106.42924747723751
11.173787795955606, 106.42862481764706
11.171977564382695, 106.42789960558895
11.171396078368655, 106.4274503519631
11.170673857562418, 106.42649681467078
11.170421083144156, 106.42588259631012
11.170431731291597, 106.42511390431395
11.170804255327617, 106.42347097223886
11.172066103317666, 106.42145383309256
11.172482879950588, 106.42006210929866
11.172525002098011, 106.41914089737173
11.172931288716294, 106.41847334251739
11.173676033446151, 106.41755165229196
11.174060553645505, 106.41682705315638
11.174240009174719, 106.4157960420209
11.174081757758753, 106.41431228513704
11.173862870087076, 106.41284831263295
11.173412561035645, 106.41208086028566
11.172873264637165, 106.41167435332699
11.172537570011121, 106.41147951224282
11.17225131804814, 106.41120432674971
11.172098546419388, 106.41094164519606
11.172109158948256, 106.41055796510304
11.17227396402373, 106.41028409024379
11.1726912921299, 106.41003174084493
11.173298902932482, 106.40988194551203
11.174815678308207, 106.41003205861092
11.176921031066607, 106.41065722848589
11.177886375190804, 106.41066782520204
11.178815272411889, 106.41021831862274
11.179716480258682, 106.409680585793
11.180721465737152, 106.40962409106235
11.181777526905721, 106.41004316955353
11.18284171394765, 106.4105473618286
11.183367457456697, 106.41065711668219
11.183725992208256, 106.41039918539964
11.183827657151015, 106.40979162441613
11.183838371181025, 106.40865087803584
11.184036120267685, 106.40809072314208
11.184606827275235, 106.40741009833849
11.185433965926084, 106.40673118916918
11.18695114673509, 106.40579884558161
11.187541449239495, 106.40556215296957
11.188032728254553, 106.40527907319115
11.188166637164976, 106.40489038142235
11.187983898920429, 106.40443312379026
11.187605005108656, 106.4041391633281
11.1870181528688, 106.4041204142628
11.186452458710137, 106.40435700261762
11.185418200386996, 106.40469024925406
11.184532965663395, 106.40489438967487
11.18390305046285, 106.40459543409075
11.183138365663659, 106.40386421189936
11.181927897176465, 106.4015909339848
11.181458120822523, 106.39902424579834
11.181674067942394, 106.39813941982818
11.183268596941616, 106.39665865423488
11.184223945454724, 106.39552626769225
11.184571153274009, 106.39456201360436
11.184563263590753, 106.39292208924331
11.18463163835999, 106.39245789949506
11.184778813635253, 106.3914575889299
11.18515655691955, 106.38976270637663
11.18518655921043, 106.38870698196192
11.185588166748747, 106.38789033838839
11.186066045393202, 106.38755094712982
11.186730944105127, 106.38728405623851
11.187453107905823, 106.38730440179944
11.18805357280757, 106.3874291834707
11.188801139426658, 106.38725056769978
11.189749009351013, 106.38683526180294
11.19090466285592, 106.38604096515519
11.191583337751274, 106.3848912432265
11.191959939212431, 106.38438442696362
11.19263863298135, 106.383822753749
11.193316191627172, 106.38359076534327
11.194048841875132, 106.38366068564042
11.195274183687891, 106.38426171136908
11.19612061225818, 106.38437003633095
11.196837769279249, 106.38419155831537
11.197977113413675, 106.38418509318605
11.199287331259244, 106.3845458720427
11.200509057739986, 106.38459146470116
11.201157067510655, 106.38505540193435
11.202104586117988, 106.38627089926361
11.20274641148908, 106.38670516807579
11.2038982214066, 106.38703753476946
11.204661337363978, 106.38719854472996
11.206164476469482, 106.38710329651298
11.208271408722826, 106.38731435931818
11.20964906841522, 106.38780222613399
11.210068173219513, 106.38803611011626
11.211452255208732, 106.38880911786916
11.211994544299198, 106.38917129226095
11.212607083950262, 106.38918071467154
11.2130468759651, 106.388969795053
11.213467539950285, 106.38847123576684
11.213853995470737, 106.38661455251238
11.214635089934545, 106.38473996435208
11.215345325734095, 106.3834734724576
11.216696269389194, 106.3820187098278
11.217150656005451, 106.38122540695335
11.217283703004817, 106.3804978431745
11.21755619917297, 106.38010509334383
11.218007273226425, 106.37986397662486
11.218781040295584, 106.37991617607061
11.220331861211195, 106.38044465833435
11.222693620687766, 106.38163330669062
11.224526134081039, 106.38221247945889
11.225545474793845, 106.38283102285381
11.226405339534706, 106.38373751197503
11.227057875230805, 106.38389150011912
11.228072031091765, 106.38379617733398
11.228817567369601, 106.38331760318152
11.229220345396987, 106.3825698452824
11.229354588849946, 106.38163277674441
11.229144328099279, 106.38107646810387
11.22858852062879, 106.38040689040173
11.228244383872994, 106.3796797496355
11.22841670659606, 106.37910508161025
11.22901008771324, 106.37851209031543
11.229890094961323, 106.37814724915424
11.233085859592025, 106.3780133182187
11.234409337220784, 106.37784163790363
11.235538597471832, 106.37738134051752
11.236419415389246, 106.37684527628635
11.237567860622473, 106.37531396612233
11.239157814610524, 106.37422329586742
11.240821937594344, 106.37319033294375
11.244002196938952, 106.37171512104518
11.244479049830426, 106.37131276176669
11.2445748149988, 106.37089199651308
11.244210921105982, 106.37014571497203
11.242661067592143, 106.36771349980803
11.241186300568964, 106.36587619748825
11.240389106974877, 106.36538308263623
11.240336641269929, 106.36535031702776
11.239368759411635, 106.36470835480084
11.23810432878041, 106.36319504059485
11.237874284874934, 106.36265852262694
11.237817758619562, 106.36216127819709
11.238047216636524, 106.36123955900194
11.23864086644082, 106.3598435824819
11.239151392074216, 106.35909563998484
11.240191213713318, 106.35842727835143
11.24342197744378, 106.35729117073089
11.24351411465555, 106.35725878624946
11.243580820366025, 106.35723535726895
11.245970688099513, 106.35630296175684
11.246911262839346, 106.35580443352033
11.247514855534254, 106.35512470964703
11.248002833808796, 106.3541387535363
11.248315856938353, 106.3527190321173
11.248281555201274, 106.35185243138373
11.248639847183613, 106.3513679857619
11.249101806138244, 106.3512298892623
11.249643906795415, 106.35126541503459
11.250693756379711, 106.35171493195465
11.251635029183385, 106.35218994523561
11.252210394985324, 106.35270782486785
11.252631422385265, 106.35364558839188
11.254833470795093, 106.35596291147033
11.255310691097081, 106.35695807705123
11.255636794038397, 106.3581460933796
11.255540818027313, 106.35979153233676
11.255618416873535, 106.36059616262695
11.255809383616006, 106.36084467297043
11.25605821608374, 106.36088332107492
11.257188093176513, 106.36055740192285
11.25814516863547, 106.3606339211217
11.258834450447107, 106.3612659648976
11.259169790535157, 106.3623263380519
11.259499779210952, 106.36406027845966
11.26001958186763, 106.36439029356696
11.261008702786306, 106.36434331773157
11.262047382009262, 106.363930543449
11.262253637894847, 106.36366823091876
11.262287715589673, 106.36362525462317
11.262754270825985, 106.3630322961532
11.263036698672963, 106.3622549944896
11.262956362208726, 106.36184368693067
11.262520926569547, 106.36154463920467
11.261802170907425, 106.36090906224301
11.261133211086966, 106.36007823140612
11.260879525429429, 106.35952476674836
11.260867749616898, 106.35885504071173
11.261029552423096, 106.35786236215125
11.26135573592561, 106.3567790165229
11.261622119490744, 106.35554649619763
11.262004219805142, 106.3531726043635
11.262414587160714, 106.35198217606631
11.262696296374388, 106.35062677662597
11.26297903225876, 106.3502928916325
11.263456286918881, 106.35042549454413
11.264035374028866, 106.35106555347471
11.264746102888399, 106.35178478008649
11.265356077018168, 106.35229369637041
11.266025551502018, 106.35258744525206
11.266919377067993, 106.35273101415468
11.26838088527319, 106.35282192818401
11.26981329596444, 106.3530354500199
11.272222452128679, 106.3539491923646
11.273103796698253, 106.35416311730573
11.273550761488163, 106.35417247908634
11.274230667922355, 106.35407043287258
11.275116511965425, 106.35377629740456
11.275674426742953, 106.35368428959708
11.276440616814657, 106.35379160502357
11.277218082822131, 106.35405751028692
11.278289102349195, 106.35470985015478
11.279361129224082, 106.35517435867894
11.27980376887432, 106.35526268873416
11.28006368206483, 106.35520504379882
11.280266449157367, 106.35490539421686
11.280362044409262, 106.35428790738133
11.280651907431285, 106.35373866729155
11.28114377510633, 106.35341026460789
11.281905943476483, 106.35328459700128
11.282678194877855, 106.35327497849772
11.28311230104683, 106.35340126050205
11.283421472742967, 106.3537579527771
11.283633298458442, 106.35478040570425
11.283748853301953, 106.35568670809049
11.284028209589708, 106.35612128683971
11.284414812409207, 106.35625510764785
11.284867874084357, 106.35618821706151
11.285182557824985, 106.35600763778278
11.285900294442834, 106.35554310832909
11.286488485028372, 106.35528148704307
11.28803774805306, 106.3550752677058
11.288142789863318, 106.35477573026272
11.287998514970498, 106.35448666744355
11.287675102872461, 106.35415245146287
11.286303298198067, 106.3530821000099
11.285642809301532, 106.35283118012188
11.285303718818767, 106.35240085315264
11.285366578177598, 106.35221434821563
11.285558593489764, 106.35209220091637
11.286977795040572, 106.35240091433992
11.287497085265237, 106.35230451404523
11.28803380012926, 106.35198283740205
11.288380903397377, 106.35160352131635
11.28881251665319, 106.35062904768999
11.288950530459964, 106.35009146423246
11.289222162175529, 106.34903300844908
11.289650264496823, 106.34792391966758
11.289569859365734, 106.34721635543706
11.289247408453992, 106.34667654105809
11.288642953743794, 106.34605056365083
11.288589038282852, 106.34599466391171
11.287918557943687, 106.3453566829818
11.287105412556249, 106.34483239545276
11.28618891568551, 106.34439036406687
11.285536383094877, 106.34421995599443
11.284755474643967, 106.34427744974629
11.283989490258136, 106.34464777238124
11.283128573011709, 106.34539623526706
11.282854865169368, 106.3454848548925
11.282625006259302, 106.34539772547946
11.28251652429819, 106.34504215804085
11.282637227956224, 106.34426978668169
11.282863530508108, 106.34367462253847
11.283459669622697, 106.34301649484075
11.283673227950906, 106.34281399838704
11.284102315849088, 106.34240181142508
11.285257641513155, 106.34127147892934
11.285753297722358, 106.34088721977292
11.286348981957808, 106.34084714894259
11.287235858920196, 106.34099358849339
11.28878084372375, 106.3414442024911
11.288781038443823, 106.3414439712448
11.29010137816092, 106.34153935840163
11.291446695336163, 106.34153115431711
11.292415331448751, 106.34125270905781
11.29244028594127, 106.34124596477693
11.29264958180387, 106.34116047101737
11.29278070628355, 106.34110937480388
11.293094017317312, 106.34098236577574
11.293265257246896, 106.3409796638449
11.29354571186411, 106.340972179481
11.293601760204284, 106.3410188090445
11.293906095403164, 106.34126383226211
11.29398575030209, 106.34145090560392
11.294101108214955, 106.34172568835727
11.294096591013455, 106.34177815209796
11.29407003254478, 106.3421591812077
11.294052305969641, 106.34242894945702
11.293969886889917, 106.34263150155806
11.293789945088164, 106.34307623145492
11.29340746397491, 106.34402523172646
11.293391015963124, 106.3441282031694
11.293370837576763, 106.34425448125523
11.293350388908697, 106.34438347238574
11.293327509607336, 106.34452741001891
11.293316619865596, 106.34459552895662
11.293332499121627, 106.34466296228865
11.293365741901141, 106.34480363928601
11.293396958678228, 106.34493487384961
11.293455562690193, 106.34495624355475
11.293590582300181, 106.34500471351068
11.293704536007608, 106.34504590082167
11.293795147720115, 106.34507874728294
11.293835724887835, 106.34509304574995
11.293922100420591, 106.34505824575554
11.294263897227552, 106.34491803545262
11.294375961634989, 106.34487164839682
11.294454421434144, 106.34483952591572
11.29464376249591, 106.34471603509552
11.29473587014861, 106.34465624043003
11.294976267753029, 106.34449927056248
11.295087373393974, 106.34442663256667
11.295243443020166, 106.34432462491104
11.295411907259718, 106.34421494526417
11.29550991826415, 106.34415111556163
11.295596350868436, 106.34409450473413
11.295619562346928, 106.3440715356804
11.295735159333974, 106.3439549777699
11.295789858555851, 106.3438999230439
11.295849661562036, 106.34383954995542
11.295904183392892, 106.34378497407073
11.296412880286503, 106.34327341196762
11.296811745572864, 106.34287052717515
11.296953511424169, 106.34272882114105
11.297058892473878, 106.34245925423957
11.297198240343931, 106.34210638177947
11.297312714360613, 106.34182086473406
11.297448281241051, 106.34148107881956
11.297603739441074, 106.34118825747552
11.2978267521177, 106.3407754238163
11.297957848659973, 106.34053655234044
11.298062400447412, 106.34019164346302
11.2980271742333, 106.34006240758679
11.297982546082073, 106.33989631716112
11.297935828882231, 106.33972177982207
11.297918249666415, 106.33965572256808
11.297897453679488, 106.33962098348604
11.297813116652899, 106.33947697600081
11.297718842373197, 106.33931575249225
11.29763128366093, 106.33916647091218
11.297595920236772, 106.33910621211106
11.29755902883837, 106.33907169340776
11.297365575887984, 106.33888997564762
11.29717938560582, 106.33871491538183
11.296655599232839, 106.33822255819031
11.296564735257373, 106.33819654643875
11.296386913662747, 106.33814568612412
11.296280240940778, 106.33811528925243
11.296215089356506, 106.33809601972494
11.296142978581242, 106.3381019799777
11.296025479886751, 106.33811090692181
11.295741680233728, 106.338132535658
11.295665053155611, 106.33813821637948
11.295488210418482, 106.33826848912516
11.295369693105082, 106.33835579368402
11.295316083537104, 106.33839569065455
11.295250330341931, 106.33844402086335
11.295245678507309, 106.33844735662602
11.295127520080436, 106.33854560900231
11.294955904413468, 106.33868819720222
11.294812772467733, 106.33880682518684
11.294646589692633, 106.33894487116201
11.294525021763684, 106.3390458522391
11.294399326998908, 106.33914994474286
11.294344096786148, 106.33919631261023
11.294327668440634, 106.33920476959612
11.294187372339204, 106.33928298996005
11.293956303264938, 106.3394109742671
11.293869168739764, 106.3394591082718
11.293837152962752, 106.33947693188983
11.293740366473488, 106.33953070016075
11.293680513818348, 106.33955112465785
11.293494473089618, 106.3396151673058
11.293351125488648, 106.3396647716109
11.293162929542188, 106.33972984584456
11.293026454628846, 106.33977653856921
11.29293626974324, 106.33980764544346
11.292790785749137, 106.33987709305943
11.292647254769268, 106.33994614283766
11.292479366583434, 106.34002681953714
11.292088131259948, 106.3402149376529
11.291851063140577, 106.3402222816627
11.291740658547047, 106.34000636136291
11.291791805134217, 106.3397070924447
11.291846642119902, 106.33938492224983
11.291885092983932, 106.33915962142103
11.291919807586511, 106.33895597864102
11.291940999647162, 106.33883019034417
11.291954119682162, 106.33875408775806
11.291962982922405, 106.33869242709504
11.291976553508267, 106.33862149649583
11.292004062897092, 106.33845965233587
11.292028455636546, 106.33831804971062
11.292043475548288, 106.33822834547229
11.292067127693318, 106.33818096321164
11.292190793462282, 106.33792761500123
11.292222511404445, 106.33786307870851
11.292231496699033, 106.33785939134596
11.292366296525506, 106.33779955892744
11.292489234626343, 106.33774521848277
11.292675505663796, 106.33766142283072
11.2929269597044, 106.33755137256685
11.29318193006918, 106.33743781544626
11.293265153690719, 106.33737797465682
11.29357583410026, 106.33715370346577
11.293669856083481, 106.33706205318683
11.293950666764912, 106.33678907451154
11.29406066761215, 106.33668229966243
11.294164113818324, 106.33658188813602
11.294209488266617, 106.33652388875163
11.294372131931336, 106.33631503935052
11.294475154880923, 106.3361824096743
11.294722284803651, 106.33586487132305
11.29531284731358, 106.33552406136658
11.2954154846919, 106.33551895108269
11.295536912339303, 106.33551240798934
11.295760412162814, 106.33550021098966
11.295864602303578, 106.3354944931982
11.296023398473704, 106.33548608689487
11.296154749977942, 106.33547895833468
11.296261271555666, 106.335473372803
11.296375382980337, 106.33546717127965
11.296483345916208, 106.33546156971
11.29655968533917, 106.33545725117625
11.29664028034155, 106.33545282041243
11.29671931700264, 106.33544859527144
11.296796467982617, 106.33544585044167
11.297029979859172, 106.33543764613154
11.297230734166316, 106.3354305215812
11.297472423437398, 106.3354220577338
11.297688579788671, 106.33541439914265
11.297849612384166, 106.33540905847705
11.29814690395689, 106.3353984875644
11.298368831731976, 106.33539085387443
11.298555953440966, 106.33538419841697
11.298661062625753, 106.33538087410867
11.298766486606192, 106.3353768759759
11.298780204373266, 106.3353791736054
11.298957418632973, 106.33540906913059
11.299084792318016, 106.3354305481904
11.299205831729408, 106.33545115665396
11.299372176482956, 106.33547864682036
11.29943737268952, 106.33548993892532
11.29967306880984, 106.33552970446145
11.299747605960743, 106.33554253639845
11.299831496086828, 106.33555637277357
11.299914181708587, 106.3355887968145
11.300144791479577, 106.33567819818882
11.300247657106025, 106.33571793238235
11.30032128571707, 106.33574655265333
11.300449137209846, 106.33579613044841
11.300614402172954, 106.33586042176019
11.300723309187312, 106.33590254523695
11.300918042159067, 106.33609058815044
11.301081776433126, 106.33624864280839
11.3011726145002, 106.33633681745115
11.30122630508978, 106.33638827796
11.301302893500331, 106.33649186225219
11.301377706530754, 106.33659039794648
11.30146154045682, 106.3367043098806
11.30149748510025, 106.33675264709903
11.301563048568692, 106.33684035813583
11.301643328203669, 106.33693220390917
11.301720109769432, 106.33702021544954
11.301788877404206, 106.33709846684971
11.301857278210571, 106.33717679118382
11.3018612232891, 106.33718146959059
11.301909258148259, 106.33724138816025
11.302092245066076, 106.3374725661552
11.302180365971749, 106.33758293808404
11.302352627635175, 106.33768599226701
11.302559480617168, 106.33780989879192
11.302682880774498, 106.33788355051387
11.302826195942487, 106.33794195849218
11.30306260387551, 106.33803767080433
11.303385727737433, 106.33816763225863
11.30362338010614, 106.33826382469964
11.303819747059901, 106.33834292721562
11.303954789002663, 106.33839671918285
11.304107581152316, 106.33845858685903
11.30427136374237, 106.33852470578546
11.304380167503366, 106.33856788525777
11.30470068658627, 106.33868987423706
11.304967273835153, 106.33879053110672
11.30509036154493, 106.33883732395877
11.305303356343861, 106.33891777318085
11.305488709498551, 106.33899379576675
11.305825694926467, 106.33913315302182
11.306147898114844, 106.3392667642839
11.306415438542773, 106.33937781627912
11.306790163888945, 106.33953277639755
11.306957378856046, 106.33959968718499
11.30721654828345, 106.33970440158743
11.307696969048889, 106.33989596339875
11.307933265977617, 106.33999084291047
11.30802404063181, 106.34002724903803
11.308091455444774, 106.34005402477722
11.308187937950578, 106.34009267270032
11.308349845916398, 106.34015683472826
11.308408304483061, 106.34017819742637
11.308902617200344, 106.34037660072302
11.309054625402947, 106.34043679897907
11.309280405226493, 106.34052652124852
11.309710878539285, 106.34069752151501
11.310105426680906, 106.3408540193639
11.310311696892384, 106.34093598317774
11.310444127040574, 106.34098858219261
11.310675199214252, 106.34108024702104
11.310798085018144, 106.3411289820277
11.31097033893393, 106.34121037282591
11.311251806866693, 106.34134365498333
11.311644182561354, 106.3415293738537
11.312356403154388, 106.34186730525104
11.312418549455886, 106.3418821989139
11.312583386251235, 106.34192082802807
11.31273554794522, 106.34195692457536
11.312806561274785, 106.3419737084378
11.312843423264251, 106.34197665651405
11.313032628797671, 106.34199274728101
11.313217206796415, 106.34200844861175
11.31328837467996, 106.34201476070281
11.313539886484717, 106.34203588018809
11.313635667537811, 106.34204406079179
11.31414273471308, 106.34210282268252
11.31437706432523, 106.34213003030672
11.31444735897675, 106.34213864241741
11.314654707072727, 106.34223487178717
11.314961490939297, 106.34237710138932
11.315330216000644, 106.34254821668438
11.315486333588836, 106.34262064545959
11.315624354641143, 106.34268477404503
11.315777669567078, 106.34275565941009
11.315896985856893, 106.34281106912894
11.315968791406627, 106.34284434816045
11.31608290742286, 106.34288837528825
11.316224170058344, 106.34294269352189
11.316325731706, 106.34298012238315
11.316468466350432, 106.34303649948131
11.316569282914719, 106.34307535721948
11.316686991292926, 106.34312036739034
11.316776647708977, 106.34315515275104
11.317069552535573, 106.34326757525889
11.31722651973287, 106.34332797795585
11.317312741360544, 106.34336110976881
11.317396282065067, 106.3433934272127
11.317579718093565, 106.34346797541599
11.318130681126007, 106.34369314707328
11.318302041523399, 106.34376315652554
11.318428245548823, 106.34381469276866
11.31850994802393, 106.34384789173026
11.318536196988807, 106.34385897911118
11.318699429963072, 106.34392568190194
11.318863241752274, 106.34397820516466
11.31908908547712, 106.34405092635643
11.319187233869213, 106.3440823519783
11.319850198326286, 106.34427650708575
11.320073779776214, 106.34448886898295
11.320246468952408, 106.34493686950258
11.320586125189338, 106.34548215764802
11.320959917712678, 106.34577616300044
11.321361719933268, 106.34594365353408
11.321507533571165, 106.34594747645609
11.321699107630577, 106.3459527007908
11.321963752306278, 106.34595985583557
11.322040818064371, 106.34596198805146
11.322225361828147, 106.34595713945818
11.32256157263323, 106.34594767116894
11.322897488004871, 106.34593793485442
11.323078860311954, 106.34593276577097
11.323306187288148, 106.34583983641767
11.323720372777915, 106.34567092153004
11.323973160122627, 106.34556716301344
11.324037714606254, 106.34554113072478
11.32424226200024, 106.34545727727416
11.324724018933217, 106.34526063282068
11.324791700957633, 106.34523299612026
11.324922016323985, 106.34514434383233
11.325400051672029, 106.3448189620621
11.325793747914801, 106.34455086076221
11.326188211046302, 106.34428221535298
11.326483209216473, 106.34408111355947
11.32678892733698, 106.34387292064126
11.326908765532053, 106.34379125111114
11.327569775472131, 106.34329851442695
11.32824857613504, 106.34279183545506
11.328461590151493, 106.34263271399286
11.328789408416913, 106.34238779611641
11.329128816721147, 106.34213485090956
11.329354075886354, 106.34196648699344
11.329667849041542, 106.34173227383368
11.329903113311605, 106.34155657612737
11.330238355821432, 106.34130629816323
11.330370947886559, 106.34120766229552
11.330562238802703, 106.34106452375514
11.33066027990302, 106.34099136184842
11.330721688968469, 106.34094538794484
11.330763807471396, 106.34090700129804
11.331081627393285, 106.340611531373
11.33124366662257, 106.34046071812142
11.331436674177747, 106.34028082108063
11.331616450440038, 106.34011363844124
11.331777957793507, 106.33996306631936
11.331941746977323, 106.3398108883112
11.332094870565262, 106.33966839415992
11.332177630401945, 106.33959126399164
11.332475230540176, 106.33931427349069
11.332830898649163, 106.33898380337152
11.333009143787988, 106.33881732063891
11.333191905686308, 106.3386474575393
11.333382759494484, 106.33847006799645
11.33351316729474, 106.33834847877496
11.333675979222862, 106.33819722382957
11.333877886161254, 106.33800902663819
11.33404064401197, 106.33785758890009
11.334185353132575, 106.3377232306431
11.33442382359245, 106.33750105997474
11.334533097790471, 106.33739951282155
11.334617244117592, 106.33732125516963
11.334784238695901, 106.3371654433917
11.33491107091759, 106.33704766713969
11.335062761477943, 106.33690663291387
11.335181537624168, 106.33679599266793
11.335377200668011, 106.33661404824711
11.335493511728613, 106.33650550469555
11.335572773660237, 106.3364321026615
11.335621642721053, 106.33638641390722
11.335996456134977, 106.33612644648478
11.336238118346676, 106.33595924294387
11.336608167261545, 106.33570251619139
11.336771207834516, 106.3355895918771
11.33686957555079, 106.3355214192373
11.337075897242675, 106.33537838040677
11.337192873864064, 106.33529727873935
11.33737129075035, 106.33517332979739
11.337655548596686, 106.33497628126578
11.337737324543026, 106.33491987153182
11.337865858201704, 106.33483056978727
11.33807567814029, 106.33468537096854
11.338246369739538, 106.33456673926938
11.338386578043561, 106.3344695079238
11.33853937660446, 106.33436372466768
11.338654053101221, 106.33428416338002
11.338839486658143, 106.33415568761366
11.338986042517227, 106.3340540683907
11.339162190427928, 106.3339318000007
11.339329062191739, 106.33381595608276
11.339447801807717, 106.33373381511961
11.339614501929855, 106.33361835200378
11.339776806102511, 106.3335056937243
11.339838203486433, 106.33346298111366
11.339959321417732, 106.33340922410763
11.340247868653087, 106.33328125933862
11.34045433301393, 106.3331895355994
11.340728006573658, 106.33306765530878
11.340825219907748, 106.33302456123353
11.341281549138893, 106.33282149487177
11.341582873673973, 106.33268772410923
11.341922066642441, 106.3325370400583
11.342154438857566, 106.3324336082506
11.342401730309053, 106.3323235971741
11.342633640488524, 106.33222089311283
11.342904562245812, 106.33210029796324
11.343139830974899, 106.33199586936304
11.343357269260872, 106.33189903636075
11.343467446343944, 106.33185018027815
11.343511100317325, 106.33183078467788
11.343724168386172, 106.33179753668026
11.344056137892046, 106.33174641214585
11.344348336779927, 106.33170098879758
11.344582467964496, 106.3316650049624
11.344797710349923, 106.33163172922262
11.344914245144684, 106.331613431774
11.3450009746008, 106.33160009488283
11.345296316958615, 106.33155425486447
11.345581821011352, 106.33150998554265
11.345785676286845, 106.33147831580612
11.346199206236264, 106.33141399679977
11.346556344210914, 106.33135903313344
11.346770769381681, 106.331325630954
11.347354933707093, 106.33123528657978
11.347902314149536, 106.33115036063116
11.348267379417273, 106.331093623224
11.34833999757584, 106.33108268026334
11.34845841159145, 106.33108252884273
11.349497049658854, 106.33108254598378
11.350066341224283, 106.33108237838174
11.3505177828019, 106.33108249153469
11.350874213497686, 106.33108230502567
11.351274469457637, 106.3310824035274
11.351670995569918, 106.33108259925436
11.351973485841034, 106.33108239758435
11.352209808408785, 106.33108261074649
11.35238358240371, 106.33108251320326
11.352543421994708, 106.33108253077832
11.352686216503326, 106.33108248945075
11.352844973246532, 106.33108262378119
11.353000076068536, 106.33108266907053
11.3531165382521, 106.33108282499742
11.3531665926723, 106.33108252020187
11.353167988617267, 106.3310811976185
11.354111117263402, 106.33163738889327
11.356384875496614, 106.33298222942683
11.358459694405893, 106.33420706003545
11.35951465447026, 106.3348306632154
11.360268140798777, 106.33527641821047
11.360857380709085, 106.3359431651278
11.361437639968925, 106.33659964367688
11.361708573131098, 106.33690610484368
11.361975829304471, 106.3372086255189
11.362146187991206, 106.33740077968567
11.362428647334262, 106.33772108362113
11.362669828578476, 106.33799401576002
11.362909777999127, 106.33826524531729
11.363147758910225, 106.33853458669185
11.363328898730224, 106.33873935472596
11.367170084793496, 106.34308366506991
11.368844827908983, 106.34462439333873
11.36982752610057, 106.34552710508252
11.370319830824856, 106.34598020475094
11.37093695121488, 106.3464349034904
11.371626266301327, 106.34694266534251
11.372317187559823, 106.34745181655708
11.373089480612643, 106.34802113082203
11.373635198152044, 106.34842317136659
11.374332353418513, 106.34893706849462
11.374723283750136, 106.34922484656485
11.375250929561735, 106.34961373412085
11.375308806203517, 106.34965660975888
11.375633733141811, 106.34989570585739
11.375880934228409, 106.35007797716202
11.376103434563234, 106.35024211182134
11.376261143214439, 106.35035827916629
11.376488236948587, 106.35052557087647
11.376704156172169, 106.35068405351139
11.383094009011694, 106.35221926770066
11.383441092815275, 106.35230264034028
11.383872556746933, 106.35240642879002
11.384591628933713, 106.35257899330732
11.38494396552673, 106.35266387849488
11.385374322680308, 106.35276712254772
11.385462467850344, 106.35278905338225
11.386919051846549, 106.35313844875134
11.388455301747761, 106.35350758644512
11.39076448745986, 106.35406162252036
11.393009454356733, 106.35460101773253
11.394366653019798, 106.3549272203778
11.395676548520347, 106.35524245088811
11.394854954948299, 106.35504421268534
11.395934532966866, 106.35530384812476
11.396113103540365, 106.35536185977674
11.397777641496397, 106.35590659199805
11.39887446843945, 106.35625983284913
11.39953778730609, 106.35647541162692
11.400238269697452, 106.35670335527536
11.400984027417502, 106.3569443229502
11.401821782535661, 106.35721795967159
11.402358771500179, 106.35739254643534
11.4027827833217, 106.35752844229108
11.403259530213582, 106.35768155475844
11.403626980644296, 106.35779989659521
11.404129021513585, 106.35796100679914
11.404685333538794, 106.3581394358164
11.404895367363691, 106.35820702080287
11.405324163605354, 106.3583446007739
11.405718635341286, 106.35847114016222
11.406153556142447, 106.35861112210286
11.406421666514264, 106.3586972130305
11.406850971741974, 106.35879254644055
11.407347244110404, 106.35890220294061
11.41534779608481, 106.36067510977247
11.416110473682174, 106.36084405456333
11.416822181259576, 106.36100176297698
11.417464473396977, 106.36114404082896
11.418762263198602, 106.36143170545321
11.419534406296094, 106.36160277117077
11.420166675223651, 106.36174286039139
11.420724571312174, 106.36186669270089
11.421494294583923, 106.36203703520135
11.421882558214191, 106.36212312200801
11.422304788958511, 106.36221666703143
11.423610158554444, 106.36250691912622
11.424668803613118, 106.36274534736843
11.425826755968878, 106.36300620409767
11.426638639601318, 106.36318904003649
11.427081082910558, 106.36328884012347
11.429557148279004, 106.36384852037372
11.430457986264488, 106.36405464325279
11.431435072613223, 106.36427840931988
11.432035821742872, 106.36441500626681
11.432497106672486, 106.36452114841978
11.43301331316695, 106.36463936067042
11.433608435524732, 106.36477417295858
11.43407261232083, 106.36488166490732
11.434410725125014, 106.36495903420693
11.43465407848088, 106.36501444359895
11.434725900994026, 106.36503123370804
11.435097769739299, 106.36511612428642
11.43544697871961, 106.3651946870213
11.435889951791324, 106.36529738379791
11.43630005086104, 106.3653911886974
11.436640560300885, 106.36546920204553
11.436856537486069, 106.36551851816886
11.436958626698194, 106.36554205002318
11.437407595681954, 106.36564471170963
11.43777705325367, 106.36572927462942
11.43801979527811, 106.365784857789
11.438138055596928, 106.36581198654264
11.43931372732868, 106.3660809197516
11.440024631783125, 106.36624358141623
11.440419083555899, 106.3663341397968
11.442882630540854, 106.36757658257278
11.44313621311688, 106.36770430198
11.443292624216568, 106.36778328935821
11.443347061850483, 106.36781090175263
11.44352471219865, 106.36790046878629
11.443778310851362, 106.36802827833625
11.444103858173323, 106.36819244365901
11.444283911004218, 106.36828321077317
11.444468181857447, 106.36837565471842
11.444533694243002, 106.36840861289446
11.444634444008567, 106.36845984337802
11.444768537416975, 106.3685273355245
11.444887899477555, 106.36858813467599
11.445846009808957, 106.36907131007663
11.446220703713578, 106.36925944213735
11.446810018488126, 106.36955675451213
11.447704472941846, 106.37000852455473
11.450433212545715, 106.37201614652422
11.454143347611176, 106.37474650489168
11.457326650934979, 106.37979168604197
11.457719882220973, 106.38083060132575
11.457838614875659, 106.38114216983277
11.457956947832518, 106.3814522920888
11.45803258928927, 106.38165124390949
11.45813958413381, 106.38193332970081
11.45826592253651, 106.38226502072747
11.45837558681464, 106.38255235203255
11.458460088432808, 106.3827743878396
11.458572940604826, 106.38307071697137
11.458628661559947, 106.38321723146998
11.458655038788924, 106.38328673824003
11.45880267588167, 106.38367362181529
11.458945272123668, 106.38404839771339
11.45903972944428, 106.38429387458658
11.459182832350827, 106.38467243909989
11.459248966376723, 106.384845451819
11.45930723285937, 106.38500014515338
11.459339752070404, 106.38508524256507
11.459370816774879, 106.38516653405567
11.459494106800312, 106.38548948299928
11.45955484519698, 106.38564928818822
11.459580643124358, 106.38571702913814
11.459745083916387, 106.38614916938506
11.459818363697286, 106.38634118770455
11.459887821840786, 106.38652375447063
11.459933515308293, 106.38664427136449
11.45995825624112, 106.38670923129432
11.459992778079517, 106.38680010437425
11.459996787099751, 106.38680968553888
11.460024858686108, 106.38688377737657
11.460122200043632, 106.3871394785473
11.460201600879302, 106.38734806011344
11.460277229289153, 106.38754663315352
11.460425331178794, 106.3879355433874
11.4605071665289, 106.38815029642001
11.460584171199544, 106.38835298717929
11.460654538728564, 106.38853714094361
11.460718930922123, 106.388706932493
11.460834445548514, 106.38901070980143
11.460967604881343, 106.38935999020855
11.461018041733563, 106.38949255030322
11.46103423419899, 106.38953469300348
11.461098938315477, 106.38970473346768
11.461124750542782, 106.3897731837206
11.461196851652174, 106.38996230189139
11.461256646269314, 106.39011933590005
11.461314187936106, 106.390270598365
11.461369603940446, 106.39041557379275
11.461420399396975, 106.39054906198649
11.461474970837932, 106.39069255716471
11.461524850862492, 106.3908235749314
11.461562275985743, 106.39092279063003
11.461609045920124, 106.39104458056313
11.461637557366341, 106.39111964380665
11.461671084143449, 106.39120774763558
11.461708263162947, 106.39130602003267
11.461749072991893, 106.39141238828923
11.461796721039585, 106.39153860571244
11.461793798441171, 106.39152985318388
11.461820648225867, 106.39160100804277
11.46195997155648, 106.39202991017498
11.462275421649773, 106.39300625209758
11.4624457486885, 106.39353906607607
11.46267504253187, 106.39425065611532
11.462799434094658, 106.39463675064405
11.462900720217515, 106.3949510069964
11.46299121359199, 106.39523210806071
11.463093096254147, 106.39554842705098
11.463189253526277, 106.39584667752712
11.463230603334885, 106.39597460513376
11.463251728050077, 106.39604035502133
11.463352351653636, 106.39635328709122
11.463427146754432, 106.39658532904507
11.463497171331746, 106.39680271553947
11.463556437473784, 106.39698647479493
11.463593823244885, 106.39710275724264
11.463650791968528, 106.39727985978563
11.463675469630935, 106.39735508611065
11.463717533737446, 106.39748496554573
11.463755792937675, 106.39760499666596
11.463802900304737, 106.39775006540758
11.46384759599719, 106.39788885009376
11.463891350065985, 106.39802520953187
11.463930733609484, 106.39814777399063
11.463953086678647, 106.39821642842307
11.463979735730547, 106.3983000013698
11.464004591662295, 106.39837586988956
11.464094965015027, 106.3986250472752
11.464142901286849, 106.39875659030766
11.464195091062916, 106.3988994004814
11.464247180770323, 106.39904240045222
11.464293799464711, 106.39917052833862
11.464343067363954, 106.39930500480254
11.464418588256642, 106.39951274742063
11.464493851273684, 106.39971961432884
11.464539352507282, 106.39984394744344
11.464573653862073, 106.39993766065129
11.464647369616333, 106.40013927326116
11.46467526920048, 106.40021601280196
11.464700482954413, 106.40028508736769
11.46482614707484, 106.40062963391523
11.464894372162492, 106.40081608959711
11.464936768291048, 106.40093232112619
11.46497651497532, 106.40104108929474
11.46501431033381, 106.4011442490486
11.465053841099726, 106.40125387811412
11.465096209564328, 106.40136948190462
11.465140458995432, 106.40148992036004
11.465189706020885, 106.40162585433092
11.465232629487724, 106.40174335664565
11.46527269003296, 106.4018526654005
11.465312778210752, 106.401962601888
11.465352851343797, 106.40207302005301
11.46538976269953, 106.40217422237772
11.465417128683596, 106.40224971213249
11.465512249296635, 106.40240230053726
11.46555031056119, 106.40246298286054
11.465625402191332, 106.40258312954874
11.465681859487354, 106.40267310635835
11.465728366518091, 106.40274768290348
11.465781375232295, 106.40283231083521
11.465832232320684, 106.40291399755327
11.465879419670872, 106.40298939832181
11.465921418413052, 106.40305660612411
11.465970741238285, 106.4031354973417
11.466020016458302, 106.4032145985391
11.466060037877002, 106.40327857444798
11.466098192555974, 106.40333978698214
11.466138300883815, 106.40340402334117
11.466177311704254, 106.40346627165155
11.466220437370493, 106.40353527651578
11.466263294065516, 106.40360355438105
11.466308635335256, 106.40367617832034
11.466348437559631, 106.40373975457562
11.466386182427312, 106.40379997029126
11.466423404970145, 106.40385962047107
11.466462653282411, 106.40392229197072
11.46650118942799, 106.40398380019717
11.466541213060815, 106.40404831345826
11.466579195286194, 106.40410891692567
11.46661744649047, 106.40417024738584
11.466655903480962, 106.40423162635173
11.466694423633147, 106.40429368382034
11.466744243598606, 106.40437333589936
11.466797861728372, 106.40445919211326
11.466835625575403, 106.4045192426749
11.466858425345709, 106.40455636093196
11.466883280030807, 106.40459591613806
11.466904636309017, 106.40462986720851
11.46694759085471, 106.40469879713383
11.46698517286102, 106.40475888786516
11.467046496595446, 106.40485737466102
11.467103271682975, 106.40494751774747
11.467143781897576, 106.4050133201077
11.467184764000082, 106.40507910235586
11.467226497188669, 106.40514475613772
11.467266722178403, 106.40520936478367
11.46730016662315, 106.40526307190139
11.467342222189655, 106.40533047825078
11.467384361885367, 106.40539761735114
11.46743156653108, 106.40547326209736
11.467473689741304, 106.40554083191553
11.46751571976569, 106.40560807449685
11.467558341781656, 106.40567641908311
11.467602062861152, 106.40574642508112
11.467645893581583, 106.40581632760826
11.467689115814728, 106.40588555885186
11.467733923038296, 106.40594374528202
11.467782871673815, 106.40600694959004
11.467832412301526, 106.4060712559071
11.467881158105378, 106.40613423644746
11.46792970107723, 106.40619699322488
11.467979038857253, 106.40626107578069
11.468028097108633, 106.40632417661536
11.468073797240573, 106.40638340952714
11.468123543069668, 106.40644786474158
11.468174012214595, 106.40651267882721
11.468223657567144, 106.40657702126528
11.468272207942208, 106.40663990790742
11.46832197385531, 106.40670393256623
11.468369620097365, 106.40676580423582
11.468417959466047, 106.40682868059906
11.468465424905718, 106.40688989615978
11.46851486928544, 106.40695401305533
11.46856332922109, 106.40701657163982
11.468607565163309, 106.40707341757646
11.468674753811202, 106.40715970960602
11.4687337912795, 106.40723605188674
11.468796773156098, 106.40731794892146
11.468858338939105, 106.4073976901663
11.468914515518824, 106.40746993437466
11.468973072790336, 106.40754588321455
11.469032713612657, 106.40762328876309
11.469094545936274, 106.40770263219649
11.469155122665041, 106.40778180011168
11.469213889139192, 106.40785777821526
11.469271691009222, 106.40793220748556
11.46932215439307, 106.40799777952687
11.469375654916877, 106.40806693043245
11.4694275014105, 106.4081341098269
11.46948055041349, 106.40820265377154
11.469534592695577, 106.40827253303328
11.46958427202734, 106.40833679901266
11.4696353961021, 106.40840300727021
11.469690702521905, 106.40847458600697
11.469742577630328, 106.40854155186803
11.469791505875694, 106.40860506024809
11.469843319341342, 106.40867169118427
11.46989242816461, 106.40873544234908
11.46993732168661, 106.40879327457226
11.469975544402773, 106.4088427831032
11.470020299239843, 106.40890084103295
11.470071388910275, 106.40896706897622
11.470125488292364, 106.40903732587721
11.470176684960919, 106.40910344752226
11.470225907966963, 106.40916706327437
11.470275544821376, 106.40923133134024
11.470324565150072, 106.40929429767392
11.47036569202284, 106.40933915755714
11.470430678116617, 106.4094088098117
11.470493372310274, 106.40947605955543
11.470555441443159, 106.4095426540824
11.470613245026746, 106.40960434020437
11.470672295859048, 106.40966755230093
11.470729260315393, 106.40972879579319
11.47079018345043, 106.40979418907426
11.470846424338065, 106.40985423712006
11.470903079077349, 106.40991493750144
11.470960983914747, 106.40997694833526
11.471016909397104, 106.41003688428184
11.471070858373015, 106.41009452983114
11.47112625725508, 106.41015435075713
11.471182289726933, 106.41021418039671
11.471240292983593, 106.41027673145133
11.47129695333573, 106.41033700082258
11.471351316109857, 106.41039529869676
11.471406410954673, 106.41045414549534
11.471462023813096, 106.4105137538347
11.47151697161059, 106.41057252446923
11.471570582228203, 106.41063034100594
11.471625358148255, 106.41068890605845
11.471681726968002, 106.41074929512402
11.47173745902167, 106.41080904079996
11.471794144126969, 106.41086932052502
11.471849030261051, 106.41092885490342
11.47190338058425, 106.41098677549995
11.471958157477639, 106.41104555606967
11.4720130394491, 106.41110422835727
11.472066861196934, 106.41116204382679
11.472120895174301, 106.41122007376813
11.472173441338656, 106.4112761714013
11.472227790569766, 106.41133387648945
11.472279278569673, 106.41138954835945
11.472387982165639, 106.41150603611868
11.472442863018856, 106.41156449287793
11.47249604794177, 106.41162166495384
11.472550931875658, 106.41168076828087
11.472604646361981, 106.41173826100399
11.472659316994504, 106.4117969343403
11.472713880453158, 106.41185528492565
11.472767487751787, 106.41191245489028
11.472819717482745, 106.41196866187194
11.472872643267687, 106.41202501042491
11.472872643267687, 106.41202501042491
11.472896550475303, 106.41203799475868
11.472966458950564, 106.4120747624714
11.473036639119021, 106.41211165680849
11.473107719973125, 106.41214947351092
11.473178851090296, 106.41218681102082
11.473248833305751, 106.41222378067646
11.473320655421658, 106.41226177531776
11.473394107779136, 106.4123005296934
11.473461842458017, 106.41233628441495
11.473533454865246, 106.41237401380623
11.473604461781186, 106.41241162857577
11.47367533281865, 106.41244918003032
11.473747488591295, 106.41248716267016
11.473818829202418, 106.41252476544199
11.473889490529883, 106.41256205164524
11.473961929707926, 106.41260050147606
11.474036740429113, 106.41263988897677
11.474111760803813, 106.4126795417255
11.474185694330513, 106.41271868798113
11.474260850515765, 106.41275840403965
11.474331042127872, 106.4127956389393
11.474400938488655, 106.41283206609242
11.47447126591444, 106.41286936430146
11.47454132160969, 106.4129065358844
11.474613403341364, 106.41294431658818
11.474682581834987, 106.41298124691983
11.47475350289866, 106.41301831918938
11.474824373652622, 106.41305587063516
11.47489320657701, 106.41309247242226
11.474963386269236, 106.4131293667606
11.475032626721873, 106.41316615847275
11.475103955250896, 106.41320342067466
11.475175035583554, 106.41324123737671
11.47524521519703, 106.41327813172215
11.475315740314658, 106.4133153546142
11.475385993709878, 106.41335245088354
11.47545733390234, 106.41339005365319
11.47552882170868, 106.41342806029202
11.475599470848882, 106.41346500593588
11.47566803188214, 106.41350148109035
11.475737062504297, 106.41353800756139
11.475805266231308, 106.41357381357939
11.475874025116326, 106.4136102134169
11.47594448803112, 106.41364757492798
11.47601514882069, 106.41368486112889
11.476084784821724, 106.41372150221996
11.476158446115004, 106.41376052184705
11.476231144655793, 106.41379875774139
11.476302830159714, 106.4138366890709
11.476370835858251, 106.4138725704104
11.476440817274929, 106.41390954006248
11.47651086072727, 106.41394637108809
11.476579964953187, 106.41398309949129
11.476648649836596, 106.41401929739546
11.47671407423839, 106.41405397580507
11.476781462612472, 106.41408940196322
11.476849949543157, 106.41412567517189
11.476915511373463, 106.41416020098113
11.476955005391847, 106.41417631256388
11.477029050178396, 106.41420624713066
11.47710409178816, 106.41423628407577
11.477177850650882, 106.41426639478179
11.477252181265635, 106.41429615321113
11.477322877264925, 106.4143246479041
11.47739578594551, 106.41435384932873
11.477469119678423, 106.41438350539062
11.477540779019025, 106.41441244151181
11.47761386026068, 106.41444193465323
11.477687067706745, 106.41447150925573
11.477761065907238, 106.41450123356692
11.477833562362656, 106.41453052966048
11.47790626484872, 106.41455977841818
11.477976296138213, 106.4145882048717
11.478047071803884, 106.41461657077572
11.47811977423388, 106.41464581953291
11.47819402477289, 106.41467570676367
11.478266222280327, 106.41470462966932
11.478337801596824, 106.41473369458993
11.47840402559265, 106.41476056558032
11.4784782760553, 106.41479045281613
11.478538164894324, 106.41481465239585
11.479532877586147, 106.41521565394831
11.479605222358787, 106.415244684438
11.479678446485245, 106.41527394762062
11.479750806168328, 106.41530331854145
11.479822271515767, 106.4153321163397
11.479897072090438, 106.4153622625741
11.479965884337835, 106.41539002186236
11.480038031816802, 106.41541912958901
11.480111816528618, 106.41544898114564
11.480181780973945, 106.41547709710065
11.480245150603945, 106.41550271738839
11.48031952680914, 106.41553233723488
11.480389506144347, 106.41556079361797
11.480462881454121, 106.41559045921812
11.480534892371152, 106.41561950495974
11.480607509761628, 106.41564865942104
11.48067979351529, 106.41567782913377
11.480752547302352, 106.41570704557958
11.480817554051058, 106.4157334096974
11.480888882695039, 106.4157621455117
11.48095626957641, 106.41578942416753
11.481027852199807, 106.41581809003101
11.481098537122204, 106.415846467219
11.481168066581272, 106.41587449871983
11.481236587992884, 106.4159022089407
11.481306412259169, 106.41593028925729
11.481376802269608, 106.41595861763993
11.481446578664142, 106.41598699881808
11.481502629290144, 106.41600940210022
11.481502187024486, 106.41600932887702
11.481573855935313, 106.41603817779075
11.481644787728827, 106.41606690466661
11.481715595996926, 106.41609545669787
11.481788125454111, 106.41612460248318
11.481842097016859, 106.41614632506209
11.481908083936249, 106.41617293607693
11.481973791016202, 106.41619944046495
11.482031015836874, 106.41622254967497
11.482092577850452, 106.41624731174863
11.482153020570466, 106.41627164727527
11.482217188586626, 106.4162975651632
11.482279397853565, 106.41632273659837
11.482346136466889, 106.41634947144243
11.482410776417161, 106.41637540652349
11.482476990770026, 106.41640226694669
11.48254535599685, 106.41642978437947
11.482609523922731, 106.41645570226758
11.482679568033435, 106.41648385950768
11.482746202042247, 106.41651087989247
11.48281610620642, 106.41653898381844
11.482884559013874, 106.416566697337
11.482949503649618, 106.4165926328654
11.483015658311652, 106.41661927469686
11.483080497994498, 106.41664559408696
11.48314459626295, 106.41667131627904
11.483208413578287, 106.41669693495368
11.483308016173044, 106.41673719631576
11.483377823020373, 106.41676518377086
11.483448792666584, 106.41679392369899
11.483516492403039, 106.41682113482925
11.483585495403338, 106.41684915019397
11.483654740296906, 106.41687693063277
11.483725620110286, 106.41690547546764
11.483793550004794, 106.41693293345222
11.483858861642465, 106.4169592647706
11.483928758112086, 106.41698744731676
11.483997952202694, 106.41701537109027
11.48409392462732, 106.41705404602602
11.484164256039245, 106.41708249235447
11.484234166224105, 106.41711040975638
11.484304831295821, 106.41713884283105
11.48436912676921, 106.41716500515689
11.484440063959312, 106.41719356384093
11.484509776449773, 106.41722155729776
11.48457997167794, 106.41724994082004
11.484650575118216, 106.4172785127566
11.48472198201047, 106.41730712100492
11.484819129722696, 106.41734643881652
11.484890400497413, 106.41737498426005
11.484949796821756, 106.41739939284594
11.484959952380448, 106.41740838953108
11.484989817304852, 106.417434685121
11.48504543763852, 106.41748446274553
11.485103659768091, 106.41753580569285
11.485160649903776, 106.41758652117387
11.485219611628196, 106.41763886895912
11.485277413587703, 106.41769025655424
11.485335541575537, 106.41774171784147
11.48539239382017, 106.41779212293075
11.485448804027914, 106.41784235831496
11.485506816001749, 106.41789372359466
11.485563342163422, 106.41794405498486
11.485621491969786, 106.41799573063989
11.485676350692895, 106.4180442890526
11.485731833035477, 106.41809375628901
11.485790656788083, 106.41814579368899
11.485846211321814, 106.4181949282157
11.485899838018684, 106.41824285915881
11.485943475491245, 106.4182813423689
11.485946564652776, 106.41828260298473
11.486418662584024, 106.4187040894392
11.486880401074181, 106.41911168415734
11.487351462344671, 106.4195306574107
11.48782252281001, 106.41994963064786
11.488299800461279, 106.4203724428116
11.48877811240023, 106.42079776817957
11.489233879239793, 106.42121620266013
11.489686796928334, 106.4216305358476
11.490139842334312, 106.422046588208
11.490597013797009, 106.42246697866089
11.49065513021035, 106.42252015909364
11.490710642809521, 106.42257100816454
11.490765971858705, 106.42262141319834
11.490822483801683, 106.42267319203772
11.490877364080923, 106.42272399943025
11.490934100386118, 106.42277557707976
11.490983096625204, 106.42282070530422
11.49104090362711, 106.42287375736181
11.491098006974143, 106.42292622309701
11.491154236749479, 106.42297744339993
11.491202417118657, 106.42302208590235
11.491208990058128, 106.42302354419208
11.492291019307721, 106.42319655614241
11.493479463619533, 106.42338601341253
11.49469050162297, 106.42358019073323
11.49476913079848, 106.42359284706052
11.494847661359582, 106.42360517780457
11.49492521036562, 106.42361796071191
11.495003200278138, 106.42362989125223
11.495080159889877, 106.42364257467678
11.495158650019933, 106.42365520371244
11.495199270870078, 106.42382619452428
11.495237203567235, 106.4239810311538
11.495275136255755, 106.42413769653841
11.49531306894295, 106.4242928379308
11.495351598989497, 106.42445468484551
11.495390129032407, 106.42461317902377
11.495427763023802, 106.42476710123117
11.495462111499922, 106.42490883159618
11.495499148118773, 106.42506092503542
11.495536483411787, 106.4252172856131
11.495574416059988, 106.42536998863832
11.495611452660482, 106.42552482523732
11.495650281342488, 106.42568697695013
11.49568911002924, 106.4258454711057
11.49572793870056, 106.42600427005725
11.495766048162299, 106.42616309109788
11.49578367040387, 106.42623487066508
11.495802636710675, 106.42631305095723
11.495820258952463, 106.42638620210761
11.495839075918727, 106.42646255362004
11.495852068588897, 106.42651680738886
11.49587656050956, 106.42661754261985
11.49589492945176, 106.42669343693649
11.49591329839027, 106.42676994084668
11.495925693692504, 106.42682053706123
11.49593435546668, 106.42684568277076
11.495960350863465, 106.42691937608885
11.495986933549492, 106.4269957276039
11.496012769528505, 106.4270704027383
11.49603875484653, 106.42714507787346
11.496065337525472, 106.42722097220033
11.496091472176534, 106.42729579973827
11.496117756168656, 106.42737215125346
11.496142696092441, 106.42744332122895
11.496168980078457, 106.4275186059608
11.496191679884758, 106.4275839848004
11.496217705148082, 106.42765782517533
11.496319854239301, 106.42795225855134
11.496426782191167, 106.4282576646162
11.496531320657068, 106.42855941313094
11.496637651163185, 106.4288672575529
11.496740994825224, 106.42916656766776
11.496836572735756, 106.4294463708116
11.49693513742831, 106.42974750970926
11.497031312632712, 106.43004621023844
11.497068349030172, 106.4301175326158
11.497215299908065, 106.43039245903888
11.497361653365363, 106.43066982382136
11.497497254220296, 106.43092646243501
11.497651970558293, 106.43115201181637
11.497823366552849, 106.43139860476985
11.49786085087589, 106.43145331573533
11.497905802192996, 106.43151823738266
11.497942091785873, 106.43157081477278
11.49794672131832, 106.43157736789685
11.49794672131832, 106.43157736789685
11.497986445726175, 106.4316349744277
11.498028708903055, 106.43169639091583
11.498069777352393, 106.43175552142982
11.498111595825925, 106.43181736742534
11.498194330059397, 106.4319490395063
11.498278856344635, 106.43208345474724
11.498362187885679, 106.43221543162399
11.498361590528974, 106.43221512682851
11.498448207514837, 106.43235198044425
11.498509138068812, 106.43244951532678
11.498533928439494, 106.4324873100784
11.498617857259024, 106.4326214205204
11.498702682112855, 106.43275583576852
11.49878803550027, 106.43289065375372
11.498820442153766, 106.43294170716288
11.498839557601258, 106.43297934953104
11.498873308299187, 106.43304625235376
11.49890123476509, 106.43310035372608
11.498925875756974, 106.43314820676562
11.49896037314917, 106.43321648117316
11.498961834378177, 106.43321746746865
11.499104775469425, 106.43349923245276
11.499251337998588, 106.43378607007917
11.499259302352694, 106.43380718031695
11.499377709216674, 106.43410658505492
11.499438750244622, 106.43425829829356
11.499498682903164, 106.43440830822202
11.499499290343831, 106.43442082294608
11.499517204495628, 106.43461665048541
11.499531034344049, 106.43477613944518
11.499544161795555, 106.4349347953616
11.49955840199535, 106.43509269723951
11.499572523890901, 106.43525460628756
11.499585965904213, 106.43541623931324
11.49959640079381, 106.43553312723148
11.499608977161941, 106.43568469047375
11.499621468098338, 106.43582322240877
11.499635334935032, 106.43598210243644
11.499622491780396, 106.4361198704314
11.499608155239667, 106.43627988858343
11.499593818688176, 106.4364377731512
11.499579780823094, 106.43659413374124
11.499565742957326, 106.43674866554481
11.49955140641371, 106.43690685491323
11.499537059094157, 106.43706654678708
11.499522423866837, 106.43722626014085
11.499499126974436, 106.437355798638
11.499471947260902, 106.43750941607084
11.499443871512893, 106.43766425267556
11.49941669179903, 106.43781665089865
11.49939668035861, 106.43792393925379
11.499369884157876, 106.43807358379185
11.49935136610603, 106.43817660499617
11.499324485055615, 106.43832747924957
11.499298798722387, 106.43847073359491
11.499295214583153, 106.43848170626922
11.499264450715375, 106.43858838502842
11.499221466147192, 106.43873630922963
11.499206233548461, 106.43878903902005
11.49918428068408, 106.4388658477295
11.499166210636389, 106.43892558783611
11.499144105330362, 106.43900218540327
11.499054501756644, 106.4393106394143
11.498875148038334, 106.43992466282572
11.498847968269638, 106.44001671136151
11.498804466899486, 106.44016763422624
11.498785650132579, 106.44023164148568
11.498750932947006, 106.4403512837874
11.49873450560581, 106.44040751873466
11.498729876081265, 106.44042291095593
11.498718675619639, 106.44046116291496
11.498698514790716, 106.4405294373235
11.498674237391763, 106.44061340824616
11.498661842215492, 106.4406559273528
11.498650641751157, 106.44069387451628
11.4986345130873, 106.44074965226416
11.498617077916974, 106.44081058359065
11.498598261132573, 106.44087443844808
11.49857600953762, 106.4409509423659
11.49856480907238, 106.44098965151699
11.498561200798767, 106.44100462830008
11.498121457918067, 106.44292679545033
11.498042588759999, 106.44439015976354
11.498483883453122, 106.45258285701178
11.498522826387346, 106.45330261355433
11.498555443831059, 106.45385786961604
11.498571611047398, 106.45414665820782
11.498571790235548, 106.45414861625937
11.498574405614505, 106.45423188237737
11.49861388982458, 106.45559023973186
11.498621363531207, 106.45581782084881
11.498664235011459, 106.4573301989867
11.498687632024797, 106.45809036196196
11.498702722352673, 106.45860970485103
11.498715677002583, 106.45901338107153
11.498720353195724, 106.45916437853958
11.498827621422144, 106.4611802704731
11.49885645774491, 106.46169418666173
11.498871108068453, 106.46193870377496
11.498888667531435, 106.46223186181606
11.49890139570823, 106.4624973333296
11.49891412342976, 106.46272922002295
11.49892825608018, 106.46298144554046
11.498940593013852, 106.46318426941333