11.3879904173202,106.539464435427
11.3866428605083,106.541678921033
11.3854046843746,106.543440813114
11.3850562766704,106.544119487464
11.3847783807588,106.544550800884
11.3846640004028,106.544680888021
11.3836212217364,106.545115175501
11.3834038875952,106.545286567472
11.3817714592265,106.547328977979
11.3809366089115,106.548191670338
11.3802001692122,106.548842892717
11.3785454436481,106.550098739691
11.3777369512788,106.550545572224
11.3763939368483,106.551015807229
11.3760524224064,106.551234946989
11.3727101073703,106.554234695686
11.3713726277953,106.556901084681
11.3704751447582,106.56228016398
11.3704793686014,106.562788280972
11.3706066414616,106.563960776295
11.3710534152444,106.566223593957
11.3712690934387,106.56674234065
11.372305496383,106.568465165924
11.3739515849661,106.570526112975
11.3743094014972,106.57090608364
11.3753613530683,106.571380645716
11.3766315143724,106.572686208443
11.3766681938153,106.572839720488
11.3768109602274,106.573252354568
11.3768727830305,106.573506245603
11.3769781147934,106.573773450202
11.3770553780199,106.574018344226
11.3771658171785,106.574258401933
11.377228267874,106.574533998909
11.3774222160495,106.574883822753
11.377744194851,106.575372923067
11.3779935629024,106.575584866115
11.3784997984747,106.575883577581
11.3785951175054,106.575989524837
11.3787063081824,106.576359142014
11.3787302934416,106.576600896544
11.3788353763808,106.576881371091
11.3789116315176,106.577144227574
11.378992488236,106.577290407966
11.379093723444,106.577409766267
11.3792048191824,106.577717549751
11.3792048191826,106.578000522802
11.3791640621712,106.578113175581
11.3791016119012,106.578223816703
11.3790930660737,106.57832104678
11.3792576042643,106.579428339716
11.3793068899903,106.579549964303
11.3794475269474,106.579804369879
11.3799181137578,106.580432046156
11.3800451712243,106.580697292555
11.38010680009,106.581174544314
11.380090365864,106.581334806303
11.3800496089797,106.581472269515
11.3798115680535,106.581697502442
11.3798509171389,106.581995843817
11.3798731685732,106.5824538566
11.3798495032675,106.582559133303
11.3798015152812,106.582626859081
11.3797857384086,106.582769016159
11.3798377540846,106.583226479101
11.379879825739,106.583359918999
11.3799120368453,106.583393446612
11.3799094073675,106.583433009195
11.3799350447763,106.583675078558
11.3800441680773,106.583692512917
11.380054685984,106.584045893955
11.3800435107085,106.584078080463
11.3799192679089,106.584134406852
11.3799159810615,106.584306068229
11.3799107221059,106.584363735723
11.3799945969678,106.58492810034
11.3801538032416,106.585386568705
11.3802331735562,106.585553647019
11.3803153446351,106.585694462993
11.3803764799037,106.585772917606
11.3806649583434,106.586140834201
11.3809012350037,106.586478248993
11.3810997920371,106.586629775145
11.3811464650711,106.586736392953
11.3811637871809,106.586752725343
11.3814161753917,106.587649562353
11.3817165952027,106.588103135978
11.3816453094493,106.588571987888
11.3817958461015,106.58858741059
11.3817588690499,106.589799511382
11.3820104290549,106.589812521223
11.3820201342689,106.590505619774
11.3819530830706,106.590643082986
11.3819018086157,106.590712149868
11.3816003464737,106.590954035607
11.3815030563539,106.591063335625
11.3815304268553,106.591147046718
11.3815935339577,106.591287192139
11.3811452909427,106.592390696374
11.3811196536436,106.592433611718
11.3820839961128,106.593381757541
11.3823012369853,106.593630100051
11.3826496548779,106.594070368305
11.3828832674364,106.594332782378
11.3833781633057,106.594950195123
11.3835213127793,106.595154665067
11.3853552433372,106.597369282854
11.3857512393142,106.597948105427
11.3859525827192,106.598312978272
11.386108737717,106.598652574905
11.3864170146629,106.599377045835
11.3864341058777,106.599436724986
11.3870918640517,106.608410463678
11.3873776459713,106.611978816753
11.387416649383,106.61315703335
11.3838797309598,106.61304543368
11.3806771694856,106.612989905382
11.3797023632077,106.613003894353
11.3780495837653,106.613112710902
11.3760295697409,106.613377119771
11.3719965170162,106.614263182656
11.3673874029829,106.615197553786
11.3673348111087,106.615221023114
11.3631133193666,106.616146449404
11.3631041156513,106.616155837135
11.3631041156516,106.616253067212
11.3630968841606,106.616365049438
11.3630475785359,106.616503853755
11.3630304859166,106.616607789354
11.3629634302497,106.616758663611
11.3628468285584,106.61695007967
11.362736697059,106.617074521448
11.3626223078526,106.617246853377
11.362485470522,106.617556482877
11.362303515502,106.617907955488
11.3622465315755,106.618116609544
11.3621840775965,106.618308387488
11.3621422878618,106.618570510468
11.362078495016,106.618835847998
11.3620226151077,106.619146313692
11.3619731680642,106.61967535023
11.3619884506103,106.62051793468
11.3620409116935,106.621468929722
11.3620329701247,106.621747206502
11.3619928680676,106.621965806537
11.3617451527137,106.622496142566
11.3613781198119,106.623054768382
11.3611909761254,106.623307601882
11.3610985168561,106.623472880755
11.3610018771465,106.623594250713
11.3609775528609,106.623733725581
11.3609847844055,106.624144774113
11.3609519137465,106.62432850543
11.3608546165742,106.624563198719
11.3604792011693,106.625125918813
11.3603217498512,106.625278716185
11.3600177514947,106.625713680031
11.3599299479134,106.625964491926
11.3596416634102,106.626488301537
11.359625228004,106.626639175794
11.3596817657982,106.62702474334
11.3597290997569,106.627216521285
11.359759340893,106.627449873469
11.3597817715843,106.62780402625
11.3597177608205,106.628078600694
11.3594672577293,106.629732893066
11.3593462468944,106.630352561972
11.3593462468944,106.630610054037
11.3593856919076,106.630626147291
11.359482332165,106.630732765099
11.3595684537273,106.630916496417
11.3595684537273,106.631038536927
11.3594469014536,106.63129009415
11.3593114735844,106.631441638959
11.35924933303,106.631692521077
11.3592716852123,106.631804503303
11.3592637962071,106.631941295963
11.3591518653984,106.632176101338
11.3589986871101,106.63239403082
11.3589443883037,106.632674533336
11.3589342143169,106.63306195167
11.3590235817666,106.634022333601
11.3591070949558,106.634638455863
11.359359000066,106.63563794679
11.3595420617955,106.636020264156
11.3597071370226,106.636576529998
11.3597313432212,106.637044510037
11.3597141501031,106.637372280124
11.3596584776946,106.637613498269
11.3596178220528,106.637891028129
11.3597900345728,106.638972772835
11.3598214151621,106.63932272734
11.359825637847,106.640445072735
11.3597861481214,106.640918230476
11.3598581798694,106.642090483735
11.3599190750951,106.642603806952
11.3600126480105,106.64292569919
11.3600029783724,106.643307272034
11.3600356305179,106.643537369978
11.360042204671,106.643744570624
11.3600099913179,106.643904832613
11.3595381438808,106.644751741374
11.3594578438954,106.645083094505
11.3594086265005,106.645407186304
11.359399988463,106.645612606597
11.3593671176216,106.645794326257
11.3591603965164,106.646287670875
11.359007707277,106.64697039774
11.3589837960573,106.647258918463
11.3590141331151,106.647757125265
11.3591234921566,106.648398224167
11.3591802374329,106.648494830652
11.3593702309694,106.648622906133
11.359412963063,106.648673868104
11.3595773168842,106.649092797365
11.3595838910481,106.649230931129
11.3595529924769,106.649358336057
11.3592735700284,106.649615386155
11.3592150630574,106.649756879243
11.3591848218639,106.649945974978
11.3591907386194,106.650182679924
11.3592314984883,106.650407985481
11.3592972401999,106.650631279382
11.3595721433081,106.65136866863
11.3596439485814,106.651678780807
11.3598165713272,106.6528794186
11.3597812218913,106.653383090486
11.359645824197,106.653934570618
11.359246514471,106.654602412542
11.3590857722,106.654990058641
11.3590225742668,106.655335046132
11.3590129944802,106.655791063415
11.3590346892634,106.655988205778
11.3590268002512,106.656264473306
11.3590123370624,106.656353656756
11.358947910122,106.656572256791
11.3588427232463,106.65676537584
11.3583180423435,106.657124407582
11.3580199743167,106.657315251012
11.3579351671275,106.657385658999
11.3579182595872,106.657590113208
11.357852420916,106.657982961792
11.3578044292255,106.65817004587
11.3577326317129,106.65833774607
11.3575958881875,106.658553663895
11.357531460926,106.658780310557
11.3572514609179,106.659112059206
11.3571640238121,106.659165032835
11.3569754781653,106.659206216247
11.3567966918522,106.659273394617
11.3563976984131,106.659457446637
11.3562555157384,106.659578772064
11.3561161418093,106.65973232853
11.3560652033078,106.659644155189
11.3559961674825,106.659323989937
11.3559611916269,106.659233993508
11.3558322562545,106.659012288301
11.355731303147,106.658868780481
11.3554479630509,106.658582511735
11.3546883243357,106.657468564751
11.3545356013522,106.657309062702
11.3540522065328,106.656976389845
11.3536929636979,106.656811743268
11.3533627498527,106.656476970175
11.353168433296,106.656177460307
11.352902459066,106.656049489769
11.3528587387708,106.655955439447
11.3528539692837,106.655817607077
11.3528309167613,106.655734907656
11.3527879913701,106.655650586677
11.3525949171299,106.655415254405
11.3524343442041,106.655352824449
11.3523461085475,106.655294448387
11.3520984031766,106.655028672131
11.3512391080969,106.654312488453
11.3510080151492,106.654165693182
11.3507140991291,106.653930244624
11.3505612430446,106.653854897285
11.3503537617544,106.653810473468
11.3500299788723,106.65372628683
11.3496547391118,106.653326599597
11.3493375944652,106.653224131519
11.3490665385681,106.653029904917
11.3485944109094,106.652254144113
11.3483608651203,106.651956638228
11.3480905218747,106.651757062418
11.3478498157401,106.651612779
11.3476596842579,106.65136336055
11.3475374656435,106.651087739842
11.3473902166524,106.650448068919
11.3472193234712,106.650345068456
11.3471676530031,106.650291557066
11.3468225428135,106.649685482619
11.3466527733433,106.649611061027
11.3464985565339,106.649480525666
11.3462019475152,106.649120640682
11.346081301184,106.648844479426
11.3459612662176,106.648716376401
11.3455809542266,106.648473714217
11.3453456159142,106.648363225922
11.3451786511714,106.648316229423
11.345003042146,106.648176673111
11.34434881666,106.647816729257
11.3443194039436,106.647832134052
11.3441074533075,106.647611827662
11.3439254165167,106.647469078469
11.3439047480921,106.647352326344
11.3436326439723,106.647149201659
11.3434497321755,106.646872882999
11.3430900849921,106.646465360881
11.3429454055648,106.64632833929
11.3429072483398,106.646302394374
11.3427213776086,106.646148692305
11.3426172400904,106.646035183294
11.3424263223006,106.645678355344
11.3422068319205,106.645523312857
11.3421193880495,106.645438991878
11.3420494921492,106.645306941524
11.3419906065647,106.645064671602
11.3419389351499,106.64494629792
11.3418340986545,106.644784975351
11.3416949832089,106.644632548966
11.3415874152482,106.644366512667
11.3415223155354,106.644017076934
11.3414301017757,106.643796545143
11.3411790837989,106.643810473892
11.3405878880575,106.644000146383
11.3391518997223,106.644725672117
11.3388772651109,106.644964130297
11.3386677879637,106.645168594279
11.3385334066123,106.645072072798
11.3381833469631,106.645302412336
11.3374331942469,106.645851117416
11.3373496958775,106.645934936447
11.3372951260627,106.645965111299
11.3367161704922,106.645822745482
11.3366925016056,106.645865660827
11.3361444907082,106.645742365758
11.3351881946197,106.645562554926
11.3348934384179,106.645522645195
11.3343547052181,106.645497375152
11.3343053946297,106.645494692943
11.3342120332257,106.645487987421
11.333982250215,106.645512770367
11.3337352338109,106.645531699213
11.333494233362,106.645603740826
11.3324999939099,106.64605817456
11.3321228475336,106.646213555804
11.3315330127655,106.64633160506
11.3304721470871,106.646436797199
11.3302825065621,106.646502234487
11.3297042492672,106.646915059981
11.3291466111554,106.647539912505
11.329081247683,106.64757422403
11.3282417598775,106.648141542972
11.3279077147017,106.648847651387
11.3277318092685,106.649128025561
11.3275909575024,106.649298731472
11.3273813846428,106.649441433476
11.3269029685595,106.649701358801
11.3266107628997,106.649769775425
11.3262591178367,106.649817485506
11.3261331957484,106.649865521641
11.3260370719784,106.649957672593
11.3258040808849,106.650498827084
11.325805042124,106.650616466598
11.3255767030221,106.651193223559
11.325416175995,106.651510850245
11.3251402331754,106.651831471836
11.3251373494527,106.652234387169
11.3248285756565,106.652263923433
11.3245012883214,106.652586031333
11.3244109314631,106.65264485109
11.3239938902836,106.652617335059
11.3239121844698,106.652621256376
11.3238852696075,106.652645764608
11.3238343236138,106.652672233498
11.3236477597185,106.652886847479
11.323102470934,106.653621921999
11.3232706892363,106.653774853366
11.3232658830006,106.653967978234
11.3232332005953,106.654212080224
11.3228910727028,106.654500302582
11.3227766841167,106.654622843742
11.3226959392037,106.654661076584
11.3222514414042,106.655002161657
11.3219594742306,106.655315421982
11.3216730211225,106.655745786535
11.3215903533917,106.65580754728
11.3212772074702,106.655990880427
11.3205759099584,106.656632468132
11.3202781530376,106.656810211853
11.3202810368091,106.657279789578
11.3199295722432,106.657308885492
11.3190606736434,106.658109352702
11.3189136006265,106.658173074105
11.3188309321004,106.658163270812
11.3174272654043,106.658788230522
11.3171156712044,106.658849009801
11.3168943334983,106.658986981869
11.3167451172629,106.659024247007
11.3163486480327,106.659180683008
11.3156310922313,106.659548791446
11.3187562576583,106.663250364377
11.3186159133252,106.663362121914
11.3184822977678,106.663499368014
11.3183548682189,106.663680553198
11.3180327629537,106.664337738308
11.3176236259763,106.664760665722
11.3174856662044,106.664848896209
11.3166393436298,106.665209651631
11.3156801801553,106.665845019456
11.3155263764922,106.665929327775
11.3155127756908,106.666580543307
11.3148646532106,106.666819557201
11.3148798397306,106.667402178665
11.3146424046252,106.667499231264
11.3146500948344,106.667675690534
11.3140067228838,106.66798706616
11.3136695247386,106.668387874311
11.3135604153418,106.6687777965
11.3135576590204,106.669313756859
11.3130285294997,106.669369765799
11.3130487164117,106.669705038412
11.3127802944468,106.669729460908
11.3128072103523,106.669937290715
11.3125064222701,106.669966796257
11.3122853270263,106.669892291231
11.3121776631919,106.669932484732
11.3122305338297,106.67007169149
11.3122843657421,106.670241288455
11.312405487507,106.670458921554
11.3125612154142,106.670873600839
11.3128711458531,106.671496267884
11.3129240163632,106.671686451764
11.3129413194366,106.671810953583
11.3130509055467,106.671981530877
11.3131018534609,106.67218053772
11.3130114930037,106.672616784249
11.3130297573542,106.672707954872
11.3130787827111,106.672748148373
11.3131508788047,106.672777558251
11.3132345102505,106.672783440227
11.3133556316115,106.672827555044
11.3134248437948,106.672897158423
11.3134575273236,106.673274585195
11.3134979010872,106.673397126355
11.3135690357956,106.673514765869
11.3136497832809,106.673555939698
11.3137353371435,106.673557900357
11.313787246215,106.673547116735
11.3139176397895,106.673273144841
11.3139780615173,106.673218011894
11.3140599488384,106.673200985542
11.3141521714245,106.673241524474
11.3142380338029,106.673308819102
11.3142968654177,106.673432868234
11.3143310513504,106.673569079046
11.3144487145349,106.673711776087
11.3148307353074,106.674060734793
11.3149531684031,106.674257754004
11.3150573159954,106.674345318097
11.3150716263492,106.674412612724
11.3150716263492,106.674473421123
11.3150430056426,106.674548823536
11.3150032546564,106.674608821156
11.3149380630272,106.674656657096
11.3148689136305,106.674679874041
11.314857078284,106.674728153803
11.3148814064966,106.674826724985
11.314905734706,106.67488774524
11.314962653851,106.675132686817
11.3150336658965,106.675327146971
11.3151559933791,106.675530964814
11.3153708290815,106.675693495813
11.3156245444119,106.675832953147
11.3156501875933,106.67589933782
11.3156495300758,106.675980474643
11.3156219143419,106.676060270361
11.3154213714281,106.676360007219
11.3153595647319,106.676594700508
11.3153825778653,106.676850180916
11.3155252592503,106.677067439846
11.3156508451116,106.67709828525
11.3159977813733,106.677250464896
11.316206425609,106.677376887106
11.3162761223157,106.67748216381
11.3163434944367,106.677741888029
11.3164846760076,106.678157672469
11.3164859910387,106.678423881714
11.3148014690096,106.678885856795
11.305226164084,106.683783743929
11.3026597740995,106.683739141634
11.3002728328827,106.683610336852
11.2965172819283,106.683538896646
11.295080382908,106.683508112091
11.2904298339013,106.68340286577
11.2880131421738,106.683259861139
11.2860075421499,106.683143371071
11.2859161377613,106.683124595608
11.2813377252633,106.682882067258
11.2812035756238,106.682865303452
11.2806773449796,106.682720807488
11.2802926845252,106.682526970016
11.2801225225342,106.682473430365
11.2797644841524,106.682423784895
11.2781326442166,106.682365333749
11.2752327762826,106.682242545969
11.2727913552448,106.682269147355
11.2561400696637,106.681887001562
11.252156356769,106.681743411729
11.2516801250124,106.681734816999
11.250246765385,106.681765853091
11.2494575957611,106.681788334853
11.2489083049896,106.681801409072
11.2520694920037,106.707029900912
11.2538609416626,106.706776757914
11.253940980936,106.706939033913
11.254694391722,106.708770166621
11.2547933737292,106.708825090047
11.2554733340188,106.709082102454
11.2565217393075,106.709355529659
11.2568175852311,106.709463181384
11.2573149065373,106.709764772223
11.2573846175418,106.709813722537
11.2578441440782,106.710206544963
11.2583074021858,106.710620044464
11.2585398082096,106.710855828596
11.2590396112173,106.711706516686
11.25925428829,106.712422268845
11.2591860161048,106.71375517533
11.2589896622391,106.714283487081
11.2582323237673,106.715072963792
11.25729353607,106.716045530388
11.2569980422455,106.71668095432
11.2569597115263,106.717466315114
11.2570694468682,106.71782541167
11.2583560663652,106.719446069892
11.2586697731996,106.720139012733
11.2588420917495,106.721024708085
11.2587743540413,106.720986486606
11.2585550555951,106.720927750216
11.2585458485193,106.72084259008
11.2579601595252,106.720840654127
11.2579568712773,106.720790362708
11.2566190226563,106.720808967912
11.2566172100927,106.721149809007
11.2520868435807,106.72110167303
11.2520847258036,106.719903076579
11.2520500267491,106.719571063875
11.2515739728683,106.719198505399
11.2514682939026,106.719250761011
11.2503074900425,106.718448361915
11.249820621685,106.718164348606
11.2494554653375,106.717968172697
11.2492062888998,106.717850971924
11.2489489816677,106.717644192692
11.2486906867123,106.717382382235
11.247593257975,106.716538054873
11.2477841177659,106.716124437066
11.2473975245832,106.71566293737
11.247213349847,106.715604180073
11.246938460185,106.715486012709
11.2467586295225,106.715370892321
11.24632769369,106.715034494014
11.2458999301796,106.714870230507
11.2457715867713,106.714700753406
11.245671132658,106.714351877853
11.2454846569873,106.71422438468
11.2445082408699,106.713903258697
11.2435675935463,106.7131929201
11.2432945304327,106.713025197503
11.2429998519081,106.712767218772
11.2428017279382,106.712710463781
11.2425429501375,106.712668783082
11.2423870787993,106.712598375095
11.2420591690957,106.712247753066
11.2419657776831,106.712123030347
11.2419084162005,106.711685909499
11.2415087258608,106.711659697604
11.2413548678225,106.711626849174
11.2412213572287,106.71154235959
11.24106418209,106.711387151041
11.2408561786051,106.711140725065
11.240527232609,106.710435263381
11.239516238278,106.709380971299
11.2394015547502,106.707659352412
11.239237308032,106.706213697075
11.2372936617035,106.706483108287
11.2370100149203,106.706326228766
11.2366575244521,106.705763952996
11.2366537089182,106.705381920733
11.2338281514558,106.705383992694
11.2332625575924,106.706085488049
11.2331678479194,106.70608280584
11.231676860328,106.705934082881
11.2313237594347,106.706027578803
11.2309485936082,106.706163440461
11.2302172975966,106.70629492844
11.2253329093702,106.70807554253
11.2247219328695,106.708221771256
11.2249391310204,106.710418042048
11.2249312383212,106.710458945736
11.2249147951972,106.710469674572
11.218997674481,106.711108913748
11.2108944994706,106.71201610926
11.2033980833021,106.721428562903
11.2033980384237,106.72143090627
11.2031098654738,106.719130324584
11.2019347696573,106.708413781336
11.201617314993,106.707638086297
11.2014044959979,106.707301097964
11.2010855938799,106.706734269739
11.2010204737308,106.706547856213
11.2010046870255,106.706245437146
11.201122780588,106.70547072034
11.2010730030071,106.704862895439
11.200996386478,106.704430816733
11.2008792791633,106.704134500368
11.200578193999,106.70365381615
11.2003445355617,106.703441133344
11.1998608418287,106.702928470511
11.1996078493834,106.702578613633
11.1982759109403,106.701456673791
11.1980308255554,106.701123435552
11.1977943808179,106.700923127711
11.196824754113,106.699369810218
11.1966352025171,106.698802863448
11.1965575833663,106.698618461578
11.196428411333,106.698451875764
11.1960796301713,106.698558695495
11.195639209102,106.697798013238
11.1956712123185,106.697586257769
11.1957604843339,106.697416780631
11.1959146611062,106.697235136686
11.1959935960122,106.697091638504
11.1960207141825,106.696818425451
11.1961035958029,106.696300088559
11.1961099170087,106.696028574502
11.1951889271264,106.696226050787
11.1949639619648,106.696238120728
11.1947620038344,106.696207816811
11.1941781486428,106.695783641872
11.1940454826913,106.695838499769
11.1938876117968,106.695879403457
11.193705822783,106.695670376852
11.1935583044983,106.695217059787
11.1933317986232,106.694960656122
11.1932082862502,106.694611846814
11.1920289692982,106.692194877837
11.1918850322712,106.692049807158
11.1915658871614,106.691816337919
11.191436102941,106.691656458238
11.1911740467949,106.69119895224
11.1906341799365,106.690661124127
11.1901228907954,106.690226949667
11.188821737109,106.689602278867
11.1862797960645,106.687971881031
11.1847820858362,106.686751618645
11.1838076554027,106.685615244249
11.1830962963347,106.684311899956
11.1826030875711,106.683592051442
11.1826022,106.6835933
11.18348904,106.6835089
11.18623046,106.6835616
11.18590424,106.6789657
11.21357978,106.6756163
11.21425761,106.6776614
11.21549215,106.6773399
11.21560649,106.6774599
11.21580155,106.6777479
11.21584527,106.677765
11.21601678,106.6777787
11.21602047,106.6777802
11.21637029,106.6777532
11.21704345,106.677533
11.21808649,106.678252
11.21957812,106.6790544
11.22029101,106.6795428
11.22089605,106.6800112
11.22121799,106.6802926
11.2212821,106.6804119
11.22133088,106.680517
11.22194162,106.6812127
11.22264053,106.6817622
11.22332901,106.6824609
11.22490361,106.6830843
11.22490435,106.683821
11.22490714,106.6838607
11.22501877,106.684835
11.22576095,106.6854694
11.22639378,106.6854057
11.22744994,106.6863107
11.22806335,106.6857085
11.22830166,106.6854485
11.22856367,106.685197
11.22914148,106.6848782
11.22912475,106.6848427
11.2295454,106.684622
11.22959557,106.6846021
11.22939091,106.6840138
11.22909536,106.683524
11.22908979,106.6834927
11.22905355,106.6834686
11.22796225,106.682232
11.22775041,106.6820558
11.22744878,106.6818789
11.2268969,106.6815265
11.22602428,106.6809889
11.2257083,106.6807842
11.22538051,106.6805674
11.22427605,106.6798449
11.2221611,106.6784469
11.22183035,106.6782603
11.22125702,106.6778182
11.22160459,106.6773466
11.22062232,106.6766721
11.2200618,106.6763327
11.21982927,106.6760358
11.21967017,106.6758786
11.21959674,106.6758162
11.21958695,106.6758112
11.21949639,106.6757713
11.21909496,106.6756365
11.21893097,106.6755617
11.21874495,106.6754169
11.21854179,106.6751824
11.21797437,106.6744925
11.21745421,106.6738746
11.21728625,106.6736523
11.21721238,106.6735131
11.2171636,106.6733582
11.21715664,106.6730826
11.21710089,106.6727259
11.2170326,106.672598
11.21649044,106.6721789
11.21569881,106.67172
11.21542704,106.6715395
11.21519708,106.6714457
11.21449512,106.6713049
11.21359634,106.6711323
11.21287617,106.6707537
11.21249654,106.6703939
11.21231948,106.6701216
11.21223499,106.6693113
11.21226849,106.6687684
11.21237361,106.6683185
11.21259425,106.667288
11.2126601,106.6669712
11.21266934,106.6662599
11.21268495,106.6659164
11.21269881,106.6656243
11.21269633,106.6655712
11.21268125,106.665229
11.21267318,106.6650524
11.21258589,106.6648105
11.21229226,106.6644772
11.21196848,106.6641479
11.21155404,106.6635007
11.21120043,106.6631077
11.21093761,106.6623559
11.21049436,106.6618736
11.21041024,106.6616034
11.21041035,106.6612137
11.21027544,106.6607534
11.20994326,106.6604985
11.20897271,106.6599764
11.20800297,106.6596286
11.20758568,106.6594154
11.20702929,106.6589759
11.20664122,106.6587057
11.20632616,106.6584865
11.20602221,106.6584072
11.20581984,106.6583562
11.20568255,106.658277
11.20459911,106.6576637
11.20337559,106.6569959
11.20325496,106.6569312
11.20237353,106.6562414
11.20231559,106.6561759
11.20111523,106.654866
11.20018989,106.6542201
11.19955208,106.6541096
11.19904659,106.6544059
11.19862149,106.6547444
11.19824309,106.6546987
11.19786502,106.654613
11.19719224,106.6541812
11.19692471,106.6540679
11.19647869,106.6538802
11.1955964,106.6532705
11.19324475,106.6517648
11.1932188,106.6517429
11.19253143,106.6511204
11.19202612,106.650947
11.19147959,106.6509439
11.19101433,106.651112
11.19054924,106.6513655
11.19016699,106.6517476
11.18966434,106.6517878
11.18932806,106.6515302
11.18915974,106.6512719
11.18886754,106.6509285
11.18857352,106.6507131
11.18836443,106.650413
11.18829856,106.6501242
11.18823983,106.6498588
11.1882438,106.649642
11.18832713,106.6495142
11.18846681,106.6492585
11.18847396,106.6492051
11.18845729,106.6491606
11.18843189,106.6491323
11.18836602,106.6490927
11.18833745,106.6490797
11.18835094,106.648973
11.18831205,106.6489163
11.18825729,106.6488484
11.18816919,106.6487739
11.18812158,106.6486639
11.1881184,106.6485959
11.18785983,106.6482072
11.18728004,106.6474538
11.1871594,106.6472597
11.18712131,106.6471998
11.18703559,106.6471084
11.18692558,106.6470254
11.18669622,106.6468426
11.18663431,106.6468232
11.18644493,106.6466725
11.18619573,106.646437
11.18611319,106.6463659
11.1860441,106.6462696
11.185952,106.6461087
11.18579676,106.6458546
11.18576321,106.6457231
11.18557946,106.6454404
11.18547157,106.6452855
11.18544921,106.6452238
11.18546828,106.6450716
11.18545842,106.6449737
11.18545052,106.6449039
11.18545447,106.6448557
11.18540579,106.6448
11.18532817,106.644806
11.18523937,106.6448349
11.18516701,106.6448409
11.18508149,106.6448255
11.18504794,106.6447906
11.18491901,106.6445693
11.18485652,106.6445512
11.18476903,106.6445338
11.18468417,106.6444822
11.18456795,106.6443062
11.18448835,106.6442056
11.18434626,106.6439555
11.18416734,106.6436766
11.18414038,106.6436012
11.18409631,106.6434791
11.18405421,106.6433906
11.18399632,106.6433061
11.18396803,106.6432807
11.18391278,106.6432632
11.18381476,106.643172
11.18374898,106.6430453
11.18357564,106.6428379
11.18351709,106.6427748
11.18347696,106.6427473
11.1834171,106.642746
11.18335066,106.6427641
11.18328159,106.6428278
11.18323094,106.6428318
11.18317437,106.6428077
11.183127,106.6427286
11.18312108,106.6426233
11.18314213,106.6424972
11.18318292,106.642225
11.18316976,106.6420734
11.18317437,106.6419829
11.18321844,106.6418005
11.18321844,106.6417992
11.18322173,106.6416879
11.18320331,106.6415739
11.18317502,106.6414947
11.18311958,106.6414366
11.18306169,106.6413655
11.18301499,106.6413004
11.18292421,106.641234
11.18289132,106.6411616
11.18287948,106.6411066
11.18291368,106.640884
11.18285119,106.6407365
11.18282751,106.6406909
11.18265845,106.6404609
11.1825999,106.640416
11.18254662,106.6404026
11.18252754,106.6403744
11.1824709,106.6401928
11.18240117,106.640058
11.18227487,106.6399326
11.18209857,106.6397596
11.18182952,106.6397147
11.1817894,106.6396973
11.18170783,106.6395786
11.18171901,106.6394197
11.18171835,106.6392829
11.18166309,106.6392178
11.18151837,106.6391729
11.18138549,106.639014
11.18138154,106.6388946
11.18142365,106.6387759
11.18138089,106.6386988
11.18126511,106.6385721
11.18109408,106.6385258
11.18095829,106.6383729
11.18091685,106.6382905
11.18087606,106.6381637
11.1803209,106.6372725
11.1802788,106.6371766
11.18024591,106.637076
11.18020512,106.6370291
11.17988845,106.6369435
11.17978188,106.636859
11.17973913,106.6367772
11.17971413,106.6365458
11.17964242,106.6364466
11.17955888,106.6363688
11.17941569,106.6362971
11.17929004,106.6362448
11.17907827,106.6363724
11.17897762,106.6363911
11.1788446,106.6363506
11.1786933,106.6362916
11.17843454,106.6363323
11.17839046,106.6363457
11.17829244,106.6363122
11.17820016,106.6362438
11.1779556,106.635983
11.17791021,106.6358965
11.17785166,106.6357993
11.17776549,106.6357034
11.1776905,106.6354681
11.1775775,106.6352613
11.17751041,106.6350956
11.17743015,106.6349903
11.17736305,106.6349434
11.1770661,106.6348008
11.17695887,106.6346613
11.17681217,106.634387
11.17674836,106.6342281
11.17671416,106.6341121
11.17667797,106.6340491
11.17660232,106.6337292
11.17660561,106.6333504
11.17664508,106.6331103
11.17660693,106.6329554
11.17660232,106.6329326
11.17655233,106.6327971
11.17643063,106.6326838
11.17604843,106.6325397
11.17595764,106.632535
11.17587607,106.6325484
11.17581424,106.6325578
11.17573003,106.6325618
11.17567741,106.632547
11.17554844,106.6324233
11.17545437,106.632367
11.17533991,106.6323388
11.17514393,106.6323168
11.17503209,106.6322987
11.17495315,106.6322866
11.17486632,106.6322504
11.1748308,106.6322383
11.17477159,106.6322014
11.17474265,106.6321002
11.17473278,106.6320546
11.17465976,106.6319185
11.17460516,106.6318628
11.17452819,106.6318293
11.17439267,106.6317931
11.17427229,106.6316737
11.17419138,106.6315121
11.17407148,106.6312396
11.17405898,106.6312088
11.17402675,106.6311598
11.17393728,106.6311122
11.17378295,106.6309374
11.17375005,106.6308985
11.17367769,106.6308046
11.1735824,106.6305908
11.17354819,106.6305439
11.17348372,106.630501
11.17336991,106.6304011
11.17333505,106.6303421
11.17329229,106.6302375
11.17343504,106.6299297
11.17343438,106.6298492
11.1733561,106.6297815
11.17324361,106.6296936
11.17316532,106.6295931
11.17310283,106.6293765
11.17310217,106.6291699
11.17308572,106.6290063
11.17305809,106.6289292
11.17301534,106.6288514
11.17291534,106.6287562
11.17272457,106.6285852
11.17267457,106.628494
11.17262392,106.6283767
11.17257721,106.6283338
11.17235042,106.6283272
11.17227477,106.6283091
11.17220378,106.6282449
11.17210576,106.6280994
11.17197616,106.6280746
11.1718913,106.6280337
11.17184196,106.6279713
11.17176105,106.6277735
11.17174263,106.6273242
11.17170381,106.6271995
11.17168013,106.627046
11.17156047,106.6267076
11.17148087,106.6266036
11.17140588,106.6265258
11.1712947,106.6264534
11.17117629,106.6263387
11.17114669,106.6262972
11.17112958,106.6261959
11.17112892,106.6261369
11.17109537,106.626102
11.17099801,106.626043
11.17095131,106.6259653
11.17089341,106.6258184
11.17085394,106.625742
11.17079408,106.6255857
11.17076119,106.6254952
11.17067633,106.6253839
11.17055567,106.6253822
11.17028764,106.6256459
11.17022383,106.6256888
11.17001691,106.6257141
11.16994324,106.6257161
11.16981298,106.6256933
11.16965375,106.6256779
11.16962152,106.6256712
11.16960047,106.6256068
11.16959784,106.6255968
11.1695827,106.6255257
11.16954981,106.6254794
11.16933453,106.6252754
11.16930929,106.6252335
11.16918298,106.6250296
11.16907049,106.6248526
11.16895404,106.6245674
11.16890997,106.6245232
11.16882444,106.6244709
11.16871853,106.624385
11.16863433,106.6242838
11.16859288,106.6241571
11.16858828,106.6240632
11.16852512,106.6239505
11.16847184,106.6239405
11.16841789,106.623919
11.16833698,106.6239069
11.16829487,106.6238942
11.16827448,106.6238761
11.16826922,106.623858
11.16826066,106.6238372
11.16826001,106.623801
11.16825672,106.6237199
11.16823961,106.6236186
11.1681962,106.6234925
11.16809944,106.6230885
11.16803234,106.6230952
11.16789253,106.6227997
11.16781819,106.6227568
11.16769649,106.6227045
11.16763597,106.6226615
11.16763399,106.622518
11.16768399,106.6224496
11.16780898,106.6223316
11.16792871,106.6222559
11.16799055,106.6221553
11.16804578,106.622033
11.16807341,106.6219069
11.16805565,106.6216635
11.16801289,106.6215207
11.16795303,106.6214255
11.1678379,106.6213846
11.16762344,106.621349
11.16756687,106.6212927
11.16750897,106.6211995
11.16740701,106.6211211
11.1673034,106.6210291
11.16715393,106.6209879
11.16708486,106.6209631
11.16700394,106.6209812
11.16694802,106.6209987
11.16692303,106.6209973
11.16686448,106.6209584
11.16682172,106.6208733
11.16678168,106.6208428
11.16668497,106.6208428
11.16661524,106.6208327
11.16650077,106.6207932
11.16644946,106.6208374
11.16636722,106.6208381
11.16629091,106.6207959
11.1662521,106.6206879
11.1661646,106.6203768
11.16613434,106.6203205
11.16610671,106.6202903
11.16599882,106.620175
11.16588304,106.6201113
11.1657962,106.6200315
11.16563108,106.6198504
11.16551661,106.6197961
11.16540412,106.6197639
11.16510758,106.6196994
11.1649293,106.6196625
11.16486286,106.6196505
11.16475857,106.619601
11.16470529,106.6195749
11.16468884,106.6195635
11.16461253,106.6194991
11.16452306,106.6194589
11.16461253,106.6195005
11.16438228,106.6194495
11.16435728,106.6194381
11.16428688,106.6193764
11.16430531,106.619316
11.16430925,106.6192731
11.16430136,106.6192249
11.16414186,106.6191832
11.16403858,106.6191825
11.16391592,106.6191503
11.16385079,106.6191335
11.16374948,106.6191268
11.16366988,106.6191208
11.16356091,106.6191014
11.16347736,106.6191417
11.16340894,106.6191517
11.16336158,106.6191155
11.16329776,106.6190464
11.16326553,106.6189626
11.16319711,106.6188466
11.16310106,106.6187554
11.16302672,106.6187011
11.16284622,106.6186313
11.16271794,106.618571
11.16263241,106.6185461
11.16252913,106.6185343
11.16246203,106.6185383
11.16241729,106.6185933
11.16231849,106.6185853
11.16220533,106.6185336
11.16202842,106.6181957
11.16194552,106.6180629
11.16188434,106.6180146
11.16183895,106.6179979
11.16176975,106.6180092
11.16163686,106.6179442
11.16151066,106.617944
11.16127323,106.6178259
11.16112959,106.6176885
11.16106512,106.61761
11.16103354,106.6175443
11.16103157,106.6175443
11.16101512,106.6174317
11.16099407,106.6173445
11.16093633,106.6172792
11.16090672,106.6171847
11.16087515,106.6171116
11.16085607,106.6170438
11.16078633,106.6169681
11.16073962,106.6169064
11.16071331,106.6168474
11.16070673,106.6167555
11.16073239,106.6166677
11.16074357,106.6164678
11.16073436,106.6162922
11.16071528,106.6161339
11.16069949,106.6159844
11.16065805,106.6156846
11.16064818,106.6155807
11.16096465,106.6155679
11.16107123,106.6155518
11.16121991,106.6155149
11.16154884,106.6154559
11.16169818,106.6154499
11.16223894,106.6153393
11.16260705,106.6153553
11.16286033,106.6153507
11.16308335,106.6153292
11.16320373,106.6153346
11.16336689,106.6153815
11.16350964,106.6153674
11.16361236,106.6152916
11.16372025,106.6151689
11.16398959,106.6151136
11.1641205,106.6150607
11.16434483,106.6149406
11.16453804,106.6153339
11.16454659,106.6153473
11.1646058,106.615344
11.16472421,106.6153601
11.16494657,106.6153634
11.16513866,106.6153755
11.16528593,106.615443
11.16542539,106.6155382
11.16580011,106.6158134
11.16614174,106.6160066
11.16634041,106.6160898
11.1664635,106.6160783
11.16732763,106.6159016
11.16706112,106.6141129
11.16679529,106.6125265
11.16570976,106.6059054
11.16565738,106.6056001
11.16650962,106.6056718
11.16762321,106.6058175
11.16768039,106.6058226
11.16771739,106.6058072
11.16775944,106.6057832
11.16788221,106.6056084
11.16788894,106.6056066
11.16795285,106.6054798
11.16798312,106.6054575
11.16873488,106.6045901
11.16848429,106.6043707
11.16876347,106.604105
11.16888961,106.6042147
11.16905442,106.6039352
11.1691116,106.6038358
11.16945301,106.603433
11.16976582,106.6031311
11.16979933,106.6031194
11.1697924,106.6031099
11.17035195,106.6029064
11.17063982,106.6027623
11.17095292,106.6026716
11.17096678,106.6026587
11.17103841,106.6026092
11.17103148,106.6025715
11.17100837,106.6025115
11.17089977,106.6023631
11.1708836,106.6023596
11.17158332,106.6018712
11.17178088,106.6016639
11.1718502,106.6015014
11.17204545,106.6012835
11.17211708,106.6012706
11.17221644,106.60113
11.17241978,106.6008097
11.1724221,106.6008062
11.17263468,106.6003834
11.17266356,106.6001844
11.17267627,106.6001726
11.17281722,106.6001655
11.1728334,106.6001596
11.17284495,106.6001349
11.17285881,106.6000478
11.17286575,106.5999182
11.17283802,106.5996532
11.17282531,106.599453
11.17278025,106.5991998
11.1727791,106.5990974
11.17279758,106.5989325
11.17281722,106.5986428
11.17282993,106.5985745
11.17251142,106.5984273
11.17204235,106.5981694
11.17194877,106.5981294
11.17188061,106.5980681
11.17178471,106.5980081
11.1715875,106.5978863
11.17056055,106.5970149
11.17093409,106.596581
11.17104269,106.5963938
11.17121253,106.5960511
11.17126105,106.5958815
11.17130034,106.5958273
11.17155451,106.5956577
11.17162152,106.5956589
11.17180407,106.5955176
11.17172027,106.5953966
11.17171218,106.5952965
11.17165442,106.5952517
11.17176533,106.5951422
11.17175031,106.5950998
11.17173645,106.5949785
11.17171334,106.5949726
11.17154928,106.5947265
11.17148227,106.5946829
11.17143144,106.5946252
11.17140371,106.594498
11.17115184,106.594538
11.17115264,106.5946064
11.17113762,106.5946346
11.17114455,106.5946959
11.17112144,106.5947076
11.17109141,106.5947041
11.17104057,106.5946146
11.17097934,106.5945769
11.1709389,106.5945604
11.17062811,106.5945286
11.17052529,106.5945486
11.17028517,106.5944465
11.16968807,106.5941019
11.16963261,106.5940583
11.16947086,106.5939782
11.16909106,106.5937535
11.16900325,106.5937205
11.16887154,106.5935875
11.16887501,106.5934002
11.16888887,106.5933908
11.16897552,106.5929727
11.16893162,106.5928985
11.16888541,106.5928361
11.16888079,106.5928326
11.1687225,106.5927596
11.16873521,106.5926041
11.16877796,106.5923439
11.16873983,106.5922343
11.16873406,106.592139
11.16875601,106.5920165
11.16872828,106.591854
11.16862545,106.5917833
11.16861043,106.5917068
11.16850992,106.5915843
11.16826391,106.5914882
11.16803283,106.5914776
11.16786762,106.5914917
11.16783873,106.591474
11.16779905,106.5913907
11.16778756,106.5913077
11.16778373,106.5908802
11.16791301,106.5907445
11.16791397,106.5906264
11.16785843,106.5904361
11.16774532,106.5902304
11.16774724,106.5902314
11.16764381,106.5901455
11.16763424,106.590085
11.16765722,106.5899962
11.16762466,106.5899132
11.16765148,106.5898127
11.16748485,106.5896165
11.1674092,106.589597
11.16735845,106.5896331
11.16723875,106.5896877
11.16710023,106.5896988
11.16702745,106.5896773
11.16691733,106.5895817
11.16685891,106.5894538
11.16686658,106.5892596
11.16684838,106.5891307
11.1667938,106.5890936
11.16667322,106.5891001
11.16657459,106.5890737
11.16608361,106.5888853
11.16580877,106.5888131
11.16573887,106.5887721
11.16553968,106.5887438
11.16550712,106.5887496
11.1653903,106.5887438
11.16506256,106.5886654
11.16488444,106.5887015
11.16483752,106.5887006
11.16467376,106.5886342
11.16455183,106.5885333
11.16426167,106.5884112
11.16417549,106.5883166
11.1640328,106.5882209
11.16397726,106.5881379
11.16391501,106.5879827
11.16382691,106.5878061
11.1637685,106.5877085
11.16366795,106.587688
11.16363635,106.5877143
11.16357618,106.5878932
11.16354649,106.5880425
11.16316761,106.5881088
11.16311494,106.5881
11.16302013,106.5879409
11.16293682,106.5878667
11.16284515,106.5878655
11.16261498,106.5879853
11.1625755,106.5880517
11.16239439,106.5881247
11.16229176,106.5882367
11.1621615,106.5882548
11.16213255,106.5882193
11.16206085,106.5879383
11.16201348,106.587835
11.16183059,106.5876848
11.16162731,106.5876942
11.16148807,106.5877313
11.16134136,106.5877213
11.1607335,106.5874857
11.16049074,106.5874394
11.16024413,106.5872891
11.16011453,106.5870845
11.16019742,106.5870081
11.16021518,106.5868961
11.16017045,106.5866996
11.16009742,106.5866266
11.16001256,106.5864757
11.15997835,106.5862799
11.16014413,106.5862316
11.1604757,106.586243
11.16054938,106.5861766
11.16059609,106.5859895
11.16088424,106.5858796
11.16106844,106.5858722
11.16126185,106.585899
11.16172743,106.585862
11.1618419,106.585864
11.16215702,106.5856756
11.16226885,106.5856675
11.16226819,106.5856668
11.16241424,106.5857124
11.16248924,106.5857621
11.16256358,106.5857607
11.16268857,106.585634
11.16273989,106.5855629
11.16271554,106.5855046
11.16263479,106.5854127
11.1617585,106.5843563
11.1616835,106.5841887
11.16160456,106.5839533
11.16146167,106.5837173
11.16131694,106.5834946
11.1611244,106.583263
11.16095747,106.5829932
11.16067958,106.5827463
11.16051973,106.5825656
11.1602671,106.5821874
11.16017105,106.5819306
11.16007438,106.5818362
11.15966199,106.581392
11.16007353,106.5811338
11.16096013,106.5804317
11.16129823,106.5802178
11.16043046,106.5786021
11.16043713,106.5785028
11.16030224,106.5779377
11.15928621,106.5746911
11.15895282,106.5742626
11.15874542,106.5743027
11.15863429,106.5743864
11.15846035,106.5744603
11.15772433,106.5748411
11.15764537,106.5749923
11.15747465,106.5752122
11.1573748,106.5752779
11.15730071,106.5752779
11.15719925,106.5752434
11.15708973,106.5750432
11.15705752,106.5750103
11.15695283,106.57503
11.15689324,106.5750497
11.15674185,106.5750661
11.15631344,106.5752369
11.15593335,106.5752877
11.15579806,106.5752828
11.15580128,106.5752812
11.1557433,106.5752483
11.15572397,106.5751991
11.15564183,106.5745343
11.15559352,106.5744768
11.15541796,106.5744735
11.1553165,106.5744571
11.15519571,106.5744702
11.15519087,106.574467
11.15503143,106.5744144
11.15491241,106.5743437
11.15485604,106.5742157
11.15482544,106.5740843
11.15482222,106.5740745
11.15468371,106.5738479
11.15455486,106.5737576
11.15397793,106.5736677
11.15352548,106.5737207
11.1531035,106.573852
11.15307129,106.5739505
11.15278286,106.5734081
11.15197684,106.5725074
11.15158088,106.5716149
11.15158088,106.5711717
11.15170273,106.5708857
11.1520635,106.5706821
11.15234214,106.5702767
11.15234738,106.569954
11.15254549,106.5695058
11.15274685,106.5695442
11.15298521,106.56971
11.15330894,106.56971
11.15347322,106.5695803
11.15362944,106.5693012
11.15350985,106.5688964
11.15335363,106.5680855
11.15371517,106.5673966
11.15391722,106.5659383
11.15375616,106.5650699
11.15392044,106.5646742
11.15448381,106.5648816
11.15492349,106.5647618
11.1551989,106.5645517
11.15536089,106.5640732
11.15540277,106.5636316
11.15556614,106.5627776
11.15577552,106.5620536
11.15593013,106.5613921
11.1562938,106.5607399
11.15665201,106.560536
11.15697412,106.5604211
11.15733167,106.5604178
11.15753621,106.560623
11.15793563,106.5607461
11.15833504,106.5607888
11.15922729,106.5605031
11.1596573,106.5605048
11.15989566,106.5605409
11.16022582,106.5606263
11.16046579,106.5606263
11.16118893,106.560385
11.16187557,106.5600189
11.16331537,106.5595356
11.16471644,106.559342
11.16490398,106.5592214
11.16512659,106.559001
11.1652368,106.5588197
11.16519761,106.558472
11.16503495,106.5583736
11.16474606,106.5583131
11.16445812,106.5583415
11.16412706,106.5586068
11.16397438,106.5588149
11.16386417,106.5588568
11.16354829,106.5588296
11.16335675,106.558842
11.16313482,106.558701
11.16308344,106.5581863
11.1631108,106.5578943
11.16317844,106.5577695
11.16328941,106.5577292
11.16353479,106.5576855
11.16374252,106.5576611
11.16389225,106.5576061
11.16410008,106.5573978
11.16422551,106.5570089
11.16426807,106.5566618
11.16434256,106.5565626
11.16458882,106.5565448
11.16570525,106.5568893
11.16606458,106.5571119
11.16625232,106.5571522
11.16648586,106.5571307
11.16653322,106.5571227
11.16662993,106.556998
11.16668585,106.5567458
11.16672729,106.556483
11.16671413,106.5562443
11.16674242,106.5561504
11.16683386,106.5561625
11.16722028,106.5562751
11.16749573,106.5562776
11.16767311,106.5562367
11.1678823,106.556108
11.16799087,106.5557637
11.16796587,106.5554579
11.16797706,106.5552467
11.16803525,106.5550217
11.16821485,106.5548031
11.1684622,106.5546208
11.16862674,106.5544425
11.16879252,106.5541769
11.16893067,106.5539409
11.16909059,106.553858
11.16925438,106.5538442
11.16942345,106.5539019
11.16954182,106.5537986
11.17038638,106.5530945
11.17056969,106.5529865
11.17063865,106.5528322
11.17056465,106.5526968
11.17048224,106.5526333
11.17045702,106.5523111
11.17054447,106.5519905
11.17071096,106.5517025
11.17069415,106.5515362
11.1705327,106.5511831
11.17048729,106.5510288
11.1705327,106.5508934
11.17066556,106.5507151
11.17066387,106.5505677
11.17057474,106.5504819
11.17044692,106.5504082
11.17024511,106.5503379
11.17003657,106.5502574
11.16994071,106.5501134
11.16985998,106.549906
11.16987175,106.5497242
11.1699138,106.5496008
11.1700332,106.54957
11.1702182,106.5496385
11.17038974,106.5497928
11.17049225,106.5497685
11.17058811,106.5497016
11.17068379,106.5495464
11.17076602,106.5493942
11.17087522,106.5493386
11.17100071,106.5493363
11.17115004,106.5493825
11.17120556,106.5495067
11.17125753,106.5498353
11.17131476,106.5499365
11.1714353,106.5500438
11.17161687,106.5501457
11.17182253,106.5501604
11.17202975,106.550035
11.1721386,106.5498985
11.1720495,106.549477
11.17198371,106.5492618
11.17171969,106.5491158
11.17153221,106.5490427
11.17133955,106.5489932
11.17112539,106.5488252
11.17110085,106.5484818
11.17110217,106.5482417
11.17097915,106.5481693
11.17074769,106.5481214
11.17052666,106.5480456
11.17033548,106.5476104
11.17021773,106.5473953
11.17002564,106.5473444
11.16985499,106.5473708
11.16886192,106.5476324
11.16878244,106.5473922
11.16842584,106.5471956
11.16804597,106.5468288
11.16778263,106.54678
11.16761003,106.5467826
11.16729641,106.5466368
11.16710871,106.5464416
11.1667477,106.546463
11.16636467,106.5454733
11.16650352,106.5440966
11.16653991,106.5440937
11.16653321,106.5440966
11.1665763,106.5440556
11.16660215,106.543875
11.16659258,106.5436037
11.16664333,106.5434221
11.1666462,106.5429926
11.16662897,106.5426237
11.1666462,106.5422957
11.16662226,106.5420751
11.16648529,106.5418937
11.16649582,106.54176
11.16658201,106.5414984
11.165253080403417, 106.54404467384289
11.165360689718439, 106.54392424949592
11.165459828719234, 106.54390794338909
11.165524777246056, 106.54389717806421
11.165952143997046, 106.54402326228113
11.166621051974682, 106.54403544206426
11.166719831942201, 106.54400048552431
11.166732954999427, 106.54394554007466
11.166655559765765, 106.54380380996379
11.166634475230902, 106.54366149294839
11.166664707421651, 106.54350289725777
11.166672276335014, 106.54323426051077
11.166723532329105, 106.54309172587654
11.1668757728467, 106.54299227160402
11.167151134409922, 106.54285813497319
11.167234169567987, 106.5427331709698
11.167215760306938, 106.54260315520744
11.167151535170841, 106.54255626309336
11.1669794979521, 106.5425763531148
11.16679722489538, 106.54251305915113
11.166470107330772, 106.54229318075457
11.166418632842701, 106.54221131894572
11.16644743685042, 106.54199445820734
11.166643464979042, 106.54165756236189
11.166647374038158, 106.54153284822416
11.166572642734772, 106.54129192232317
11.166594562818677, 106.54093720515091
11.1665643143128, 106.54086355786457
11.16638437939438, 106.54077412459661
11.166155462007797, 106.54056192815904
11.166151455828677, 106.54045355235377
11.166206528495142, 106.54038501576152
11.16654865733196, 106.54033739917897
11.166997252494415, 106.54017784166675
11.167170930432544, 106.5400502097408
11.167221430673676, 106.54001335916152
11.167245104667133, 106.53994486113129
11.167255308048862, 106.53991541330775
11.167237146478138, 106.53983718877578
11.167207328757645, 106.53970973105696
11.167125881602352, 106.539433165397
11.16709235218504, 106.53931964063281
11.167050664245151, 106.5391789358041
11.167004245220857, 106.53907145675775
11.16689347134605, 106.53881444962909
11.16687391774144, 106.5385188128846
11.166870897460887, 106.53847817768555
11.166897480405483, 106.53827966114565
11.166948707210707, 106.53825383176475
11.167113563096114, 106.53827946407603
11.167393620527251, 106.53841339876944
11.167643670215538, 106.53863343960363
11.167721316924439, 106.53861576154037
11.167794880369543, 106.53854197577365
11.167802579798927, 106.53841701458433
11.167630243509638, 106.53790072655642
11.167595896627217, 106.53756798637738
11.1676566144001, 106.53743436655382
11.167802588187067, 106.53728298843963
11.167846151708336, 106.53711456839861
11.167811480961927, 106.53696164421515
11.167707929166173, 106.53675599067252
11.167635602874627, 106.53655743130697
11.16764727662302, 106.53639016352682
11.167700082974216, 106.53629842691889
11.167776316126616, 106.53626905316264
11.16795952253109, 106.53631608262346
11.168174186448745, 106.53645014899014
11.168321536547687, 106.53645950917716
11.168455346611445, 106.5364192715177
11.168736339439388, 106.53648490877005
11.16886827526325, 106.53643270553582
11.16897262901074, 106.53627263318045
11.169008572266543, 106.5361637765854
11.169045697361964, 106.53605141651872
11.169074952641246, 106.53596316477363
11.169093978424247, 106.53590597831214
11.169112469521846, 106.53584988924169
11.169127998553043, 106.53580282521236
11.169163565877575, 106.53569561876044
11.169180969785021, 106.53564290254441
11.169234581149924, 106.5354982722529
11.169287085769303, 106.53535629389785
11.169408976012559, 106.53502798906268
11.16953038592889, 106.53470104866996
11.169567981970518, 106.53460616620134
11.169610235931755, 106.53449963365352
11.169649946706278, 106.53439955345925
11.169852760976033, 106.53407866808827
11.170027523708171, 106.53392883159466
11.170525712505881, 106.53362297767175
11.17076629478506, 106.53353119434081
11.170902694175343, 106.53344693284131
11.171040544804026, 106.53330261818323
11.171138662016453, 106.53314498706587
11.17122312948867, 106.53295023631446
11.171340559508865, 106.53283184787271
11.171455108522276, 106.53275265134444
11.171585206627203, 106.53268828395751
11.171935717946072, 106.53261677120292
11.172072440650933, 106.53252699662364
11.172169472489, 106.53240906947346
11.172269406592118, 106.53204707669914
11.172311274728536, 106.531949496341
11.172532839290218, 106.53190478382788
11.172641956681106, 106.53190501777402
11.17281043176705, 106.53199760587111
11.173014732790081, 106.53212744251124
11.17308388722169, 106.53217126788273
11.173163664320159, 106.53220446403773
11.173261125062984, 106.53220525234309
11.173364307906736, 106.53218530537612
11.173403658033228, 106.53214626144863
11.173436398173987, 106.5320674322378
11.1736031935851, 106.53197482424898
11.173943803033353, 106.5319305129792
11.174482385989016, 106.53193315176941
11.174580496336077, 106.53195352065298
11.174983875683152, 106.5321399215618
11.175530771688607, 106.5321098600927
11.175721105123763, 106.5320713311496
11.175974554529455, 106.53198681499144
11.176520150721165, 106.53189159759447
11.176654600538525, 106.53185628695614
11.176791549744628, 106.53182056482328
11.176844323495965, 106.53178146825569
11.176908521320804, 106.53170249061024
11.176936075358244, 106.53160429682352
11.17692300558172, 106.53153884750067
11.176795982947539, 106.53136642546254
11.176610407938792, 106.53115576646415
11.176462873489468, 106.53087894590846
11.176394232010047, 106.53039958595588
11.176402229996356, 106.53010895367261
11.17644157297577, 106.52996584306712
11.176507915221807, 106.52984683301815
11.176634193817229, 106.52966328924161
11.176732505530575, 106.52954734824777
11.177043270475405, 106.52935865725105
11.177521717117067, 106.52916248147409
11.177866790939143, 106.529118198749
11.177988654486018, 106.52905404265289
11.178029598182526, 106.52900782014473
11.178049376815986, 106.52887623360013
11.178070621448356, 106.52854086227919
11.178123042749721, 106.52836406674984
11.178182270464362, 106.52822626776391
11.178286055684078, 106.52811644074623
11.178616787726963, 106.52791976576404
11.178812576198347, 106.52784274535267
11.179136635384559, 106.52778388741226
11.179540160586656, 106.5276429073543
11.179625565682194, 106.52755706763344
11.179722575291771, 106.52735495209146
11.179828218502477, 106.52717053391065
11.179964620800423, 106.52698758348961
11.180227107387967, 106.52677203892215
11.180377181524923, 106.52669383883956
11.180545707184587, 106.52662928645414
11.180845412041686, 106.52658481724329
11.181438913727945, 106.52660076186253
11.18163424639863, 106.52653583171173
11.181789714335538, 106.52642524528937
11.181830362593425, 106.52624876424778
11.182068595406555, 106.52573728816678
11.1822399854786, 106.52553312805003
11.182479846585807, 106.5252990429471
11.182654888599387, 106.52517549751094
11.18302275454466, 106.52502479295615
11.183120377149042, 106.52494679576006
11.183179472870142, 106.52486704958754
11.183212158383578, 106.5247358370537
11.183211961117498, 106.52464536571075
11.18338167059296, 106.52438934586752
11.183487375471097, 106.5242711463607
11.183874756015422, 106.52404348148364
11.183906306972066, 106.52402477727996
11.184084586309158, 106.52393818274734
11.184193288681067, 106.52388511387004
11.18434397281667, 106.52381190958967
11.184416266398868, 106.5237708021407
11.184607908477204, 106.52365328726887
11.18469923564756, 106.52363446882931
11.184939264199446, 106.52365591045758
11.185312070769902, 106.52379531276478
11.185493695048123, 106.52378312727265
11.185570908792986, 106.52371739111
11.185623518096836, 106.52352583299351
11.185631359707775, 106.52314572499266
11.185665507994097, 106.52298269800237
11.185731385749332, 106.52287806356745
11.185790323626819, 106.5228391440639
11.185987879023052, 106.52282042921915
11.186220979254626, 106.52284730073934
11.186376032193484, 106.52294650143301
11.186588807567373, 106.52300150459376
11.186733838007433, 106.52302012963376
11.186899586156311, 106.5229957387754
11.18698168239129, 106.52295917046293
11.187384899617504, 106.52278131021745
11.187553110014417, 106.52274249230494
11.187893861791004, 106.52273725510625
11.188284041127751, 106.52278570625235
11.188571443438445, 106.52280667625611
11.188775061745973, 106.52282165171091
11.189404923968997, 106.52278665953017
11.18964591953445, 106.5227736031018
11.190008717311118, 106.5228083709931
11.190183739619838, 106.5227438012552
11.190393091003804, 106.52251377431217
11.190438888221362, 106.52240970627612
11.19047948362731, 106.52204887843828
11.190531130084029, 106.52189038930958
11.190607248136049, 106.52173966149745
11.190691280514008, 106.52168734810706
11.190845817656436, 106.52168857044431
11.190943262823104, 106.52174167427707
11.191105775318519, 106.52186819748891
11.191163824962054, 106.52193949227926
11.191280650867451, 106.52194742123257
11.191415972014394, 106.52194212425694
11.191509738573005, 106.52189640479104
11.191537366210452, 106.52186946077857
11.191642410259133, 106.52156804227461
11.191701358448118, 106.5214633964374
11.191727063844851, 106.52142413590613
11.191901508900315, 106.52133310872495
11.192065204793868, 106.5212943271748
11.192386017783523, 106.52126326843356
11.192878959860204, 106.52129147220913
11.193049913595019, 106.52142561563141
11.193238491840487, 106.52153044166005
11.193561485097602, 106.52182196520461
11.193606912877119, 106.52184812502126
11.193696178944457, 106.5218415784579
11.193781501888303, 106.52175046230002
11.193801317327663, 106.52167817841003
11.193834490706228, 106.52161175489572
11.193906829504275, 106.5213753167621
11.193945952219668, 106.52121304643485
11.194031477529448, 106.52108810443553
11.194112816402475, 106.52103373077703
11.194282533815368, 106.52099085358479
11.194423250928779, 106.52100432137105
11.1945853386559, 106.52104989686939
11.195044784771385, 106.52129686597821
11.195140534753959, 106.52144164210088
11.195185207297317, 106.52163931929918
11.195252378728602, 106.52175810469957
11.195358237831988, 106.52186541600373
11.195511676837992, 106.52196337009914
11.195676624127794, 106.5219971549473
11.19577134770653, 106.52200336746637
11.195856203673985, 106.52196936810154
11.195940855005048, 106.52191865853365
11.195991684306534, 106.5218329497515
11.196032477998985, 106.52166308000457
11.196112865560004, 106.52149905616261
11.196205277454528, 106.521447303008
11.196263591489977, 106.52143476197456
11.19630770056847, 106.52144022819252
11.196418868316007, 106.52150077542852
11.196568783149004, 106.52154719539799
11.196566814283765, 106.52154788418494
11.19667170906858, 106.5215419037495
11.196710793063954, 106.52151466640574
11.196795361974923, 106.52131317912396
11.196968685544705, 106.52103706364427
11.197105876427878, 106.52089985454437
11.197222863481537, 106.52080892537096
11.197386365302847, 106.52078996341099
11.197495923452179, 106.5207967644593
11.197580026908257, 106.52083043387415
11.19767600262453, 106.52092954761393
11.197727120705967, 106.52106035842127
11.19776558897922, 106.52120594245841
11.197804288473343, 106.52123117816275
11.1979005615571, 106.52123913673903
11.198164602367116, 106.521187907773
11.19829423949349, 106.5211224873107
11.198581162789392, 106.52082838241178
11.198722522756515, 106.52062518204288
11.199009683082197, 106.52028418703117
11.199158726989442, 106.52012874599475
11.199249132495533, 106.52010988068727
11.199417915084958, 106.52014235928739
11.199451337656637, 106.52016409296054
11.199583861411323, 106.52018395044348
11.199700503987629, 106.52019705775622
11.199751762387429, 106.52018511864215
11.199796567763766, 106.52009925607103
11.199792425047427, 106.5198158190921
11.199767447052492, 106.51963084757247
11.199801635271593, 106.51944208030656
11.199859493036527, 106.51932421721779
11.199977837418727, 106.51917871784259
11.200134969763564, 106.51913480367634
11.2003396784305, 106.5191482697585
11.200422287802304, 106.51917792065753
11.200491401350618, 106.51926143893652
11.200765755532979, 106.51952709956507
11.200947183145734, 106.51966645249325
11.20122337462791, 106.51979766482322
11.201575654975642, 106.51987949810349
11.202210311153793, 106.51986200635518
11.202374958994055, 106.51989031618969
11.20257633759916, 106.52013418787436
11.202756466600931, 106.52042370474736
11.2031351426179, 106.52120031387686
11.20325895757256, 106.52140596761598
11.203307292511887, 106.52146454602621
11.203380604427876, 106.5214779570818
11.203432537143447, 106.52146434267516
11.203478102943858, 106.5214314246431
11.203632641343292, 106.52125332447987
11.20379338911317, 106.52102057648058
11.203879513916759, 106.52097490070561
11.204452178102448, 106.52095733038638
11.204529732468776, 106.52101811664357
11.204652202456339, 106.52124740451403
11.204865473655827, 106.52143375085394
11.204954676041654, 106.52146723850831
11.205131984677529, 106.52144820576521
11.205283957873712, 106.5214027562269
11.205686251566945, 106.52118159900408
11.205914085548171, 106.521156996419
11.206158576181348, 106.5210909735213
11.206275266706387, 106.52103375703464
11.206338513690866, 106.52101386675292
11.206437032808628, 106.52079845721038
11.206594064748378, 106.52062771168019
11.206691163554856, 106.52059425726274
11.206835383830656, 106.52059585602315
11.20702362353095, 106.5206819809147
11.207382161514184, 106.52090879976481
11.207755755391183, 106.52107415678753
11.207957150713577, 106.52106781699099
11.208080571039083, 106.52100880839279
11.20820494811746, 106.52083470865173
11.208507758157447, 106.52056648771027
11.208841662081412, 106.52040799341171
11.209002873412693, 106.52035093557053
11.209182797996462, 106.52035056480082
11.209354533314436, 106.5203725101622
11.209897962514294, 106.52058708675972
11.209912045155427, 106.52059505571196
11.210181726300252, 106.5207334333024
11.21042517975007, 106.52082482113636
11.210522754496582, 106.52082596033142
11.210599741694402, 106.52079933029758
11.210666156456016, 106.52068769565876
11.210705562209837, 106.52057548098834
11.210931325094908, 106.52020921937198
11.211381053720388, 106.51990901924337
11.211653048822633, 106.51965812360832
11.212106271824322, 106.51917751256128
11.212521646093244, 106.51887616981013
11.212624302181469, 106.51876626399873
11.212690727984022, 106.51855360928423
11.21280309923546, 106.51803798127023
11.212895381879086, 106.517867424792
11.212999084505535, 106.51772955516283
11.213156179894069, 106.51764615814552
11.213274264584806, 106.51761252165433
11.213470289994321, 106.51758204033442
11.21366695760758, 106.51758094189488
11.213993758029003, 106.51757900708051
11.214151233649302, 106.51757813812533
11.21441447536601, 106.5175714332577
11.214799070566505, 106.51756164153993
11.215004451947983, 106.51755602567826
11.215128429938323, 106.51754264192385
11.215258012826533, 106.51746472558231
11.215586089231993, 106.51734331591508
11.215814685561936, 106.51734372076854
11.21593616018393, 106.51737866237227
11.216366226736689, 106.51764943970869
11.216800318581946, 106.51780882543213
11.217023677545242, 106.51782339582417
11.217285052478672, 106.51781797877449
11.217266669071247, 106.5175625041985
11.217262687511019, 106.51724486590793
11.21729578892382, 106.51687932459997
11.217374731729656, 106.51687944581643
11.217476771007492, 106.51696458164047
11.217564707766085, 106.51708302129772
11.217836846802221, 106.517170310268
11.21798175757232, 106.51716976705534
11.218122578529378, 106.517118817786
11.218213647040706, 106.51705234030717
11.21829811823748, 106.51696211595257
11.218384856111989, 106.51667901200281
11.218416358635642, 106.51664716628733
11.218582705458243, 106.51660257623031
11.218751575537157, 106.51649079713994
11.218849488899032, 106.51638314388826
11.21886754682124, 106.51630560367092
11.218846857948792, 106.51619941256938
11.21881624320053, 106.51610626678186
11.218796630620941, 106.516041406089
11.218799261574121, 106.51590046820242
11.218878230548809, 106.51573621724756
11.219130740367175, 106.51531511353137
11.219193524455775, 106.5152593967169
11.219520627345556, 106.51516714698117
11.2198438751661, 106.51501096926464
11.219889892364572, 106.51497172406424
11.219902568744711, 106.51493271010594
11.219801643129559, 106.5146029087956
11.219796474374029, 106.51433482883381
11.219816086884459, 106.51426972430363
11.219857083037205, 106.51424887985867
11.219945698068168, 106.51424412502132
11.22044805574925, 106.5144372178586
11.220636779723257, 106.51445711187496
11.220700144224041, 106.51444499628072
11.22080437048218, 106.51436677619817
11.220935610724013, 106.51415013818153
11.22094840664236, 106.51406455133692
11.220889681944593, 106.5133881091094
11.220923732007726, 106.51320314247724
11.22097612089135, 106.51308054430879
11.221045285210312, 106.51297591246826
11.221160209220878, 106.51284814179142
11.221321495417557, 106.51274515748952
11.221419864828226, 106.51261370784484
11.221477337657115, 106.51247162115055
11.221420917520238, 106.51216820239323
11.221422030597255, 106.512063303233
11.221494423282573, 106.51190560507125
11.221595408278173, 106.51178820035247
11.221790772489744, 106.511697202482
11.222517238174316, 106.51166758182202
11.222655466624373, 106.51163471048297
11.22305459897117, 106.5114655283731
11.223212962062036, 106.51131977243563
11.223502006194837, 106.51088838702817
11.223556694374478, 106.51064847770358
11.22353691890992, 106.51043230934019
11.223466547296686, 106.51018743493115
11.223384087711224, 106.51002255409811
11.223315393743222, 106.5097841211513
11.223313321091636, 106.5095792225542
11.223360502961244, 106.50937381808679
11.223401160950203, 106.5092987872431
11.223427470089101, 106.50927367202432
11.223568343513671, 106.50922734297748
11.223894690714005, 106.50918373861504
11.22401068987411, 106.50909863942908
11.224012026281597, 106.50899087917084
11.223965353970208, 106.50879540082664
11.223820472633395, 106.50853274683253
11.223724180394491, 106.50826292091664
11.223718827444031, 106.50800017992032
11.223762387592524, 106.50779748972863
11.223919982010228, 106.50757093472926
11.22405070535025, 106.50733186695989
11.224115081905824, 106.50712126960985
11.224142420348882, 106.50689285446927
11.224124174268404, 106.50674046833046
11.223969403891116, 106.50652933360813
11.223912428396734, 106.50637025112471
11.223918897375398, 106.50621351412916
11.22418483573375, 106.50566892822495
11.224360689424058, 106.50545343760302
11.224601428673024, 106.50525068366215
11.224816792363228, 106.50511786343847
11.224977292225114, 106.50500181076298
11.225073645692483, 106.50489911788806
11.225093736648015, 106.50471370254147
11.225080454287937, 106.50460294647957
11.225043621702216, 106.50451028835096
11.224953255073228, 106.50436591278404
11.224863964725166, 106.50425993584912
11.224763544726367, 106.5040870994236
11.224754281633139, 106.50397716290028
11.224776019956002, 106.5038242222143
11.224858892409102, 106.50373447897302
11.224980429635979, 106.5036579334339
11.225075022417752, 106.50355613141261
11.22523412215976, 106.50328207945972
11.225354746274844, 106.50314254305017
11.225678352718958, 106.50304076693419
11.225815357200494, 106.5029622299779
11.225930663580677, 106.50286415938373
11.226022655721177, 106.50269379174536
11.226048704355994, 106.502616293443
11.22606042377958, 106.50247559939072
11.226062943010726, 106.5021411284632
11.22603580715577, 106.50183428552205
11.226025964891765, 106.50120859207787
11.22602178006828, 106.50091495711146
11.22601423300726, 106.5006615319367
11.225988305137902, 106.5004843816687
11.226041129527614, 106.50043451071346
11.2265562542621, 106.49998563283671
11.226939919606075, 106.49980855914846
11.227518204187714, 106.4996897525562
11.227961422639998, 106.4994688541658
11.22827546418127, 106.4991371891337
11.228942369176387, 106.49826235625939
11.229126851260926, 106.49817216305205
11.229453977106093, 106.49806974088278
11.229646693776722, 106.4979518812623
11.229838225143219, 106.4976535998422
11.229958154873879, 106.49755020012896
11.230418176317025, 106.497446458456
11.2317878687861, 106.49736625363387
11.231813082905948, 106.49740994407007
11.232245800215775, 106.49870085779644
11.23088305027361, 106.49929169543505
11.229934921388976, 106.49996096027941
11.22953088675241, 106.5004344872903
11.229162828424176, 106.50111956918857
11.228748804026246, 106.50168764136353
11.228420174063578, 106.50240818015857
11.22795731326077, 106.50354090731848
11.227680910475126, 106.50402678421695
11.227543223440398, 106.50426409274301
11.227482013320577, 106.50437226695102
11.227438867078286, 106.50445069989485
11.22733886788397, 106.5046159125195
11.227247124569598, 106.50476723753268
11.22720694387195, 106.50483331742079
11.227174416628793, 106.50488659583469
11.227167002326812, 106.50489866577526
11.227139226323334, 106.50494437750952
11.227128224458022, 106.50496254337129
11.227120212234444, 106.50497546673733
11.227105264048458, 106.50500033813228
11.227094501350033, 106.50501777249086
11.227089717946244, 106.50502594103033
11.227074530590459, 106.50504617952025
11.227031360220785, 106.5051039689373
11.226970494082266, 106.50518546521756
11.226916821608272, 106.50525669427705
11.226805064918201, 106.50539903736204
11.226786584268483, 106.50543024151261
11.22669620167227, 106.50567977825278
11.226676905805677, 106.50573190989392
11.226651792818204, 106.50580115964974
11.226585292524236, 106.50598364939445
11.226585118337418, 106.506066889097
11.226584879167582, 106.50612443467958
11.226584161651722, 106.50623891621701
11.226583556837761, 106.50633405676128
11.226582719732614, 106.50644061360472
11.226582773587497, 106.50654285810131
11.226582620670321, 106.50659190928923
11.226585131968283, 106.50672723892411
11.22658618709403, 106.50683491944427
11.226602355446897, 106.50760148997878
11.226600695108818, 106.50771846428256
11.226601118352914, 106.5078253892193
11.226597172035891, 106.50853922259627
11.22659365931722, 106.5091781993339
11.226590417121658, 106.50972206979989
11.226597066670577, 106.51000758253691
11.22661161684003, 106.51065865991903
11.226709644638007, 106.51111552356048
11.2270063058568, 106.51152018852903
11.227405052199043, 106.51159802196489
11.227488282501618, 106.51158872985067
11.227615919831475, 106.51157456563035
11.227716327954171, 106.51156327546659
11.22781544042689, 106.51155221723634
11.227918127725975, 106.51154076662985
11.228019145340769, 106.51152949112675
11.228117925324929, 106.51151709365914
11.22821400235379, 106.51150453137356
11.22830520161567, 106.5114924901538
11.228604144386663, 106.51145313785571
11.228851654385869, 106.51143709815763
11.229116467047042, 106.51142000523458
11.2293365158107, 106.5114053590724
11.229435281075279, 106.51139568481356
11.229622379856695, 106.51137775515743
11.229792737053172, 106.51136110618697
11.229828201464205, 106.5113572550781
11.23012683617713, 106.51128394231664
11.23043321184065, 106.51126444367577
11.23048965551012, 106.51126005460542
11.23081271222967, 106.51122433419484
11.2309285726716, 106.51121499221084
11.231228939838587, 106.51119034430783
11.231877804286167, 106.51086650263926
11.232216369278566, 106.51065332410813
11.2324718041487, 106.5104473689674
11.232962410823617, 106.51012674479506
11.2330883804, 106.51004419506836
11.233806481986624, 106.50927461670155
11.234085890638688, 106.50900512699958
11.234362216144094, 106.50873884563846
11.234383043874853, 106.50871875005443
11.234961355084579, 106.50841262354653
11.235136958244084, 106.50831965891092
11.23530349257958, 106.50823136368558
11.23534343224613, 106.50821037928225
11.235585792777146, 106.50818246628741
11.235870476712865, 106.50815013471491
11.236532553451974, 106.5081660428761
11.237033055176974, 106.50826925333389
11.23726234201376, 106.50834328915076
11.237006226803121, 106.50851031237606
11.236949140237753, 106.5085538305516
11.236877117216727, 106.50860898888143
11.236797187852218, 106.50867008078936
11.236714935975499, 106.508731573207
11.236673045474438, 106.50876312926418
11.236633215831546, 106.5087925596331
11.236552791976353, 106.50885223020657
11.236472201394141, 106.50891230617187
11.236392778984477, 106.50897093281641
11.236210294990775, 106.50913773792946
11.235998286109153, 106.50933045166047
11.2358636910452, 106.50945057173277
11.235806144913495, 106.50950203287678
11.235665710596292, 106.5096274503279
11.23565329513695, 106.50963927582369
11.235492585829801, 106.50979853920076
11.235255922518084, 106.51003310216072
11.235177600085253, 106.51011087929243
11.23515432224721, 106.51017942203275
11.235030371295286, 106.51054317494639
11.23500287640376, 106.51079548745551
11.234981772661731, 106.51099204104898
11.234995889374758, 106.51136336853439
11.235115693609497, 106.51168946184411
11.235328745756284, 106.51195488343187
11.235941494730975, 106.51213004505642
11.236047358856952, 106.51216031225213
11.236683476345238, 106.51215154296837
11.236861870245198, 106.51214879061861
11.237379384757393, 106.51209020030244
11.237930599205201, 106.51207664324878
11.238772634527546, 106.51192524819035
11.23861727051016, 106.51276075046302
11.23854121606566, 106.5131692982459
11.23861756755814, 106.51384886162583
11.238625423943686, 106.5139174049846
11.238584744252098, 106.51438579282981
11.238290748077867, 106.5152425661541
11.238169150931059, 106.51565046900251
11.23807642464961, 106.51596203506183
11.238013639870447, 106.51617275282236
11.238045074305498, 106.51646252053604
11.23807504459253, 106.51673665553751
11.23810223175561, 106.51695192149816
11.238137628291696, 106.51722977037288
11.238151789805686, 106.5173356283906
11.238172833745221, 106.51748499503042
11.238214217638232, 106.51777668937737
11.23824267055653, 106.51797614927438
11.23821746471559, 106.5182735384394
11.238201913629128, 106.51845851125374
11.23794087295553, 106.5191960053436
11.23788269644294, 106.51936050480485
11.237737550023216, 106.51973089288482
11.237737548003677, 106.51998640390399
11.237786123547718, 106.52026414856887
11.23805959509819, 106.52055766147741
11.238087475316117, 106.52097808818849
11.23810883390411, 106.52129697018248
11.240474904013272, 106.52052108432427
11.241997460007717, 106.51997188295984
11.24628320203018, 106.51842549741266
11.246648561097226, 106.51924630231342
11.246981525785952, 106.51999500610322
11.247432336845153, 106.52100851858422
11.247849120959591, 106.52194584168937
11.25249039685937, 106.53238158233425
11.253347894760568, 106.53430856535373
11.254388079747558, 106.53639467835193
11.25517516082306, 106.53788764417492
11.255857923079006, 106.53924781941146
11.256059148637664, 106.53964911658487
11.256744760455689, 106.54103348939653
11.256905022692406, 106.54136313522272
11.256941968832606, 106.54143775440981
11.257285336718406, 106.54209353987598
11.25782917982779, 106.54313305560318
11.258656690501745, 106.54471313024693
11.258929220247598, 106.54523860498439
11.259428704802994, 106.5462344512776
11.25968725441086, 106.54674936337345
11.259871870169137, 106.54778224347325
11.259902371693608, 106.54795415824223
11.259645501758081, 106.54805558444521
11.259386298027097, 106.54815838911168
11.259002855920887, 106.54822253734989
11.258353010691652, 106.54816406634555
11.257468328635813, 106.54823069410583
11.256228666021288, 106.5487987922971
11.256353700749813, 106.54929984987554
11.256414666217067, 106.5498504841024
11.25648283787667, 106.55046383861763
11.256530867280018, 106.55089700164261
11.256555500253967, 106.55111553744494
11.256658768886554, 106.5515683089764
11.256798234306473, 106.55198696406303
11.256928971068014, 106.55227684739393
11.257135991281144, 106.55273510744628
11.257410510812184, 106.55334261185962
11.257609849461792, 106.55378206206433
11.257771575250821, 106.5541421901612
11.25796024998568, 106.55458001389424
11.258043060142237, 106.55477176990071
11.258453902575162, 106.55533568369755
11.258508031735806, 106.5554088060725
11.258710485676858, 106.55564788203138
11.259010437703447, 106.55600190050234
11.25894194737803, 106.5560250268655
11.258842380691112, 106.55605850481712
11.258793001531677, 106.55607496555535
11.258655621486936, 106.55612670196558
11.258629861341392, 106.55613634525433
11.258591557839521, 106.55615024237588
11.258512121511279, 106.5561786475258
11.257175794039865, 106.55667312915735
11.256830308369823, 106.556793915862
11.256605163594969, 106.556872400019
11.256368014861984, 106.55695504914593
11.256151363346373, 106.55702990153404
11.255965973358812, 106.55709645748996
11.255860771240252, 106.55713552316148
11.25550814145541, 106.55726693525439
11.25540248450972, 106.55730493858674
11.255105470204777, 106.55741246778035
11.254858410889813, 106.55750107672827
11.254710689764831, 106.55755491862426
11.2549051506117, 106.55816613954734
11.255215908770102, 106.55914334288607
11.255868327310994, 106.56119435058785
11.255932407914212, 106.56139515478262
11.25598788989968, 106.56156930264092
11.256091658010302, 106.56189510199633
11.256147175712497, 106.56206326157739
11.256384860885394, 106.562782782479
11.256390141617848, 106.56280115728714
11.256604681289513, 106.56347535272148
11.257439367724537, 106.56609587607254
11.257741074243533, 106.56704130291551
11.258210873265073, 106.56811379540738
11.258706050592062, 106.56924462346196
11.259635831342626, 106.57136519644017
11.259931687776877, 106.57193269587475
11.260119715374696, 106.57229420478984
11.260203056876817, 106.57245416197365
11.260272767180036, 106.57258827241517
11.260352291860691, 106.57274006775143
11.26072119059988, 106.57344908260141
11.260781486386868, 106.57356447076026
11.260873527918532, 106.57374162073981
11.260888902500303, 106.5737672735836
11.260991421096406, 106.57396719733006
11.261190717268766, 106.57447482932594
11.261379570802514, 106.57495452620861
11.261491282302845, 106.57545324481583
11.261492306802394, 106.57545802126634
11.261643687395289, 106.57633449815268
11.261991135078421, 106.57614189603495
11.262618409025333, 106.57573425242045
11.262756833848291, 106.57564443592975
11.262892832532525, 106.57555592943939
11.26334072837767, 106.5752646983146
11.263705375513911, 106.57508051447434
11.264190033651568, 106.57483565970585
11.264604651116155, 106.5746260662596
11.264720331006508, 106.57456780833952
11.264815030299586, 106.57452026009021
11.264934525730503, 106.57445952379412
11.265033290333323, 106.57440965908245
11.265162033559728, 106.57434478440183
11.265201730691949, 106.5743246678291
11.265257824489385, 106.57429605766661
11.265923612035992, 106.57410546117524
11.265997464073726, 106.57408440447469
11.266101501022794, 106.5740547569056
11.266144645190293, 106.5740422980485
11.266226580197586, 106.57401871277158
11.266322046635961, 106.57399150482642
11.266462700309152, 106.57395115979342
11.266548589687332, 106.57392660525751
11.266772679414718, 106.57386206121355
11.267197612562335, 106.5737404053912
11.268133471757118, 106.57346981065558
11.26853063521313, 106.57335887133941
11.26903814775418, 106.5732122713057
11.26910362269186, 106.57319484758622
11.269378404218026, 106.57311991734173
11.26982222496573, 106.57300081249568
11.271187813798944, 106.57263024162005
11.272342963021918, 106.5723188822072
11.27243765981223, 106.57229352312334
11.272703549017196, 106.57222117989092
11.272904939407695, 106.57216666717817
11.273118469065265, 106.5721046963173
11.273129593121649, 106.57210056553593
11.274558365560825, 106.57167757114317
11.277088619782615, 106.57092843871054
11.276930990961475, 106.56680203996889
11.27793236291227, 106.56740152365865
11.277988884107925, 106.56743510310142
11.278050774909373, 106.5674725535343
11.281957597555579, 106.56981135467446
11.286172646563397, 106.56884306147515
11.286301670701443, 106.56881046014999
11.286463070999643, 106.5687703725815
11.286536167352152, 106.56875195123608
11.286669337876043, 106.56871856501887
11.286838567027534, 106.56867629618876
11.287103001115007, 106.56861005384914
11.288725868237442, 106.5682033364024
11.28880198296811, 106.56818387974305
11.288902885617787, 106.56815879698809
11.28898595756739, 106.5681382763325
11.289045102191043, 106.56812344073661
11.289144454022269, 106.56809853568096
11.2891914137154, 106.56808684028834
11.289270757155162, 106.56806683508304
11.289367143042648, 106.5680426774303
11.289466539938466, 106.56801789696213
11.289588298625317, 106.5679874136795
11.289857574768016, 106.56791988882941
11.289976148344586, 106.56789011798702
11.2899984563545, 106.56788451246295
11.290280445380054, 106.56781457223164
11.290580834522386, 106.56773591828407
11.290932567594085, 106.5676260896178
11.29129077110272, 106.56752161797527
11.29140525451668, 106.5674866700216
11.291768719124562, 106.56721908488915
11.291889446324781, 106.56657545309744
11.291975583740236, 106.5663330904705
11.291995310892437, 106.56627822710757
11.29202376580563, 106.56619837042288
11.292053655433834, 106.56611449043498
11.292060111592509, 106.56609547112726
11.292077686686188, 106.5660462160068
11.292102793960302, 106.5659758689861
11.29212479271576, 106.56591454393528
11.2921533671857, 106.56583395574239
11.292179550476664, 106.56576043882883
11.292202625262181, 106.56569509045411
11.292236221174676, 106.56560133505047
11.292262045782048, 106.56552842773809
11.29229468520651, 106.56543637920086
11.292317401296753, 106.56537785827638
11.292350160286931, 106.56528800427415
11.292378973853362, 106.56521095170498
11.29241233062126, 106.5651215853767
11.292544058440496, 106.56476758318193
11.29269865596535, 106.5642650682872
11.292727355018911, 106.56389810457846
11.292885317614255, 106.56338623094251
11.292912603512857, 106.56297869704717
11.293096888481665, 106.56256000919862
11.293423166170886, 106.56221924459453
11.293911596227751, 106.56178927777513
11.294616978772135, 106.56131637090496
11.29502130036043, 106.56101011493428
11.295308855340306, 106.56079210344545
11.29596267867505, 106.56022236435915
11.29675761555754, 106.5597246334784
11.297160742492757, 106.55940045077465
11.297317047857208, 106.55899262796787
11.297644396040996, 106.55858782887533
11.297879897027135, 106.55833649132003
11.298269773492473, 106.55779312558431
11.298838746481026, 106.55693790229759
11.2994901864037, 106.5561935032569
11.300593621242239, 106.55513249349222
11.300928465050962, 106.55451284213711
11.30126053597853, 106.55384885636447
11.301855786923124, 106.5529557961768
11.302883995122404, 106.55218649658778
11.303746861346179, 106.55177838970295
11.303765537712156, 106.55176956083834
11.303847342557576, 106.55173449696362
11.303902098080336, 106.55171108858534
11.303952191014, 106.55168938706821
11.30402368400854, 106.55165854166418
11.304120047562858, 106.55161760910626
11.304194054528107, 106.55158587760991
11.304216575090418, 106.55157618221017
11.304793000873335, 106.55107642478427
11.305233651109836, 106.55060806607767
11.305520875681554, 106.55008477308799
11.30580252867975, 106.5497036441798
11.306062263072848, 106.54939043040301
11.306455774130598, 106.54902280888948
11.306897690941794, 106.54847446600418
11.307763809917468, 106.54780948959102
11.308297602345995, 106.5474949492197
11.308909092780235, 106.54697272622337
11.309157122699473, 106.54659384572396
11.309288399882227, 106.5461610670629
11.309485637660359, 106.5457935384802
11.309824336686292, 106.54544125685106
11.310322074941931, 106.54503833484713
11.310251084895528, 106.54488056479669
11.31021941276587, 106.54470867506963
11.310240790293646, 106.54450317423044
11.31028648614765, 106.54428204574695
11.310404922868452, 106.54400719754624
11.310870872746216, 106.54344869506782
11.31123402040522, 106.54307813159154
11.311584661981746, 106.54268415457076
11.31169126655126, 106.54238220088453
11.31171755147993, 106.54223492625695
11.311765851669268, 106.5415748751746
11.311871275135259, 106.54125255235967
11.312280617046454, 106.54063785714972
11.312877424086698, 106.53990438036521
11.313169872380522, 106.53943756023682
11.313493424496068, 106.53897366460342
11.313901980510062, 106.53842336145786
11.313937128023246, 106.5383759351311
11.313950271881579, 106.53835679462345
11.314305078326155, 106.53779335225359
11.314590296776492, 106.53720192562486
11.314990735930706, 106.53628020909406
11.315116464035189, 106.53582253871079
11.315188790106461, 106.53547856215772
11.315189931763333, 106.5351360139491
11.315082613300788, 106.53443359034337
11.315307316765882, 106.53449345543693
11.315540163963579, 106.53465294534418
11.315750299067707, 106.53492157329995
11.315972794159617, 106.53526633132493
11.316020733109696, 106.53534070167453
11.316063053265921, 106.53540556237058
11.316158568270641, 106.53555682989756
11.316275189035503, 106.53573433204875
11.316401176306785, 106.53593502556456
11.31649908968053, 106.53609088213052
11.316742327820116, 106.53661914579043
11.317027742537775, 106.53673843418012
11.317454902422615, 106.53675449287027
11.318083814896529, 106.53695456802123
11.31848615726436, 106.53718047751649
11.31857625558627, 106.53723723741304
11.318843570760576, 106.53740538571972
11.320027030962496, 106.53829259411252
11.320609401418785, 106.53892479446988
11.32065506588312, 106.53897443838086
11.320678835192252, 106.53899826163497
11.320724166078906, 106.53904268975639
11.320795654887071, 106.53911193951222
11.32084347347688, 106.53915778091041
11.320859851344537, 106.5391746056678
11.320879098313195, 106.539193990722
11.320925960526091, 106.53923922252918
11.320956086219937, 106.53926909258529
11.320973779086602, 106.53928591735279
11.321023749489537, 106.53933395328119
11.321056863838306, 106.53936723705962
11.321101096002344, 106.53940990856995
11.32114233949029, 106.53945087320865
11.322007386186899, 106.54031483982548
11.322265429594616, 106.54067064716962
11.322367816279579, 106.54086864541604
11.322390008884542, 106.54111589162963
11.322397062094447, 106.54119148114643
11.32240596389305, 106.54129007417461
11.322411223908505, 106.54134103614587
11.32244116520459, 106.54163132278254
11.32250469778582, 106.54197497405195
11.322696528522664, 106.54244713881289
11.322942071993115, 106.54281808973079
11.322962312651264, 106.54283787883689
11.323055279818956, 106.54292585067
11.323289677652783, 106.54314729419214
11.323745582167948, 106.54371132709798
11.323770634584388, 106.54374371703666
11.323867738577842, 106.54387630699651
11.323995993432442, 106.54405184806515
11.324050385569935, 106.54412639478852
11.324140473659416, 106.54424949921524
11.324147781677386, 106.54425919135278
11.324151828150255, 106.54426428485391
11.324157639870602, 106.54427091800554
11.324168398926911, 106.54428408520599
11.324219241400817, 106.54434400069795
11.324388047330094, 106.54454540469357
11.324700989017694, 106.54491829459177
11.325293703554022, 106.54568327635462
11.32537506663677, 106.54581574403048
11.325461850330377, 106.5459560683919
11.325542710581374, 106.54608755590587
11.325594579304273, 106.54617154044884
11.325653873373593, 106.54626785613978
11.325759720660798, 106.5464394722184
11.326277619328174, 106.54726539673955
11.326327829666544, 106.54735192243233
11.326346343509613, 106.54738382360395
11.326406773480576, 106.54748683077388
11.326536777972555, 106.5477092587003
11.32677187215289, 106.54811106234843
11.326952228789565, 106.54854844951554
11.327130633351508, 106.54889552867914
11.327276801917934, 106.54911818862404
11.327737764029644, 106.54896375871056
11.327777218857335, 106.54895112150582
11.327998624989368, 106.54887664358696
11.328184887067428, 106.54881439793705
11.328340155448233, 106.54876707934545
11.328381441859989, 106.54875460716923
11.328443924561352, 106.54873613001817
11.328531100947448, 106.54870983132078
11.328578720070972, 106.54869555199159
11.328767048421113, 106.54863914164257
11.328883350804361, 106.54860426163489
11.328964349883833, 106.54857963480892
11.329692921660193, 106.54830130809836
11.330009773345147, 106.54822929380416
11.330262882848128, 106.54817132437277
11.335580053103506, 106.54693072419235
11.33502868218546, 106.54298573298335
11.335987760113147, 106.54271431416298
11.35529774741101, 106.53725569535256
11.368414910174428, 106.53354739933853
11.372390078675794, 106.53242381867234
11.372540962666282, 106.53238114045386
11.372668044238127, 106.53234483273901
11.37272168498745, 106.53232999106397
11.372801598484733, 106.53230718300777
11.372911612423389, 106.53227616472596
11.373008388674497, 106.53224791533977
11.375573214376873, 106.53149437299302
11.37688268216321, 106.53110993087823
11.37693824450702, 106.53108969795787
11.377012442597309, 106.53108597853348
11.377153526915313, 106.53107813402895
11.378836193066483, 106.5306804680036
11.378951032973426, 106.53065295686511
11.379068866489614, 106.53062603468342
11.379115139312942, 106.53061613140052
11.379157483111808, 106.53060485509536
11.379311384308194, 106.53056880676576
11.37941984371005, 106.53054337627157
11.379535230947198, 106.53051609340939
11.379650639267798, 106.53048825644902
11.379774650253694, 106.53045974800759
11.379899068861706, 106.53043029564707
11.38019065656533, 106.53036124736215
11.380194435490054, 106.52939704469432
11.380208341771555, 106.5292948117295
11.38024326744451, 106.52905829460748
11.380410294948252, 106.52789810633028
11.380547979204385, 106.52694494414882
11.38060430190558, 106.52657904514109
11.380905538641, 106.52470337669408
11.382008559487181, 106.5261199887291
11.382548174506734, 106.52718453427119
11.382894398425831, 106.52737810576727
11.383067526139131, 106.52752534038108
11.383118919904, 106.52756947490268
11.383157644503804, 106.52760263676925
11.38319744478163, 106.5276360424702
11.383245133400337, 106.52767725095337
11.38329879802546, 106.52772211699357
11.383366446515572, 106.527778931052
11.383395489941275, 106.52780258325427
11.383468918144743, 106.52786372318812
11.383573191237934, 106.52807998144246
11.38340645550235, 106.52835109460976
11.383393627421482, 106.52883069531374
11.383419576314257, 106.52936226879598
11.383239635283166, 106.52969631553803
11.383355155625674, 106.52988818983295
11.383700491549018, 106.5299644424708
11.383995422268937, 106.5301562661721
11.384084870631662, 106.53054124048553
11.384110984499173, 106.53101515990396
11.384188578500595, 106.53133620365544
11.3841884989301, 106.53133642170556
11.384098160702843, 106.53175941598958
11.384188397935416, 106.53197762623309
11.384392518165948, 106.53216950945837
11.38434126267292, 106.53234777739853
11.384098199848118, 106.53239996953259
11.38404682130153, 106.53265624792833
11.384341583114022, 106.53316914892284
11.384495186802315, 106.53352680946638
11.385192457977483, 106.53451927397678
11.385836221790983, 106.53573398538478
11.386743216682286, 106.53637742955114
11.387137800276061, 106.53693472556473
11.387254895509798, 106.53778581870897
11.387313895393916, 106.53841244732378
11.387869998075184, 106.53927464663053
11.387991212505337, 106.53946331804921