11.359397831502626, 106.63066403439335
11.358114551015353, 106.63154379895026
11.356158063095862, 106.63291708996593
11.354937881040629, 106.63368956616223
11.353570429432947, 106.63459078839125
11.351340417369789, 106.63617865612812
11.348878968730238, 106.63791672756979
11.359229532751291, 106.63074986508184
11.357336164955823, 106.6320158677369
11.355653160809398, 106.63323895504773
11.353528353894937, 106.63465516140762
11.350730316694133, 106.6365005212099
11.34820574831188, 106.63819567730737
11.347069685256061, 106.63905398419226
11.346207115842782, 106.63952605297888
11.345575965840748, 106.63969771435585
11.34507104483471, 106.63978354504432
11.344587161366182, 106.63965479901161
11.343261737232119, 106.63935439160194
11.341410340844, 106.63871066143835
11.339706204017725, 106.63821713497958
11.336403095053123, 106.63716570904573
11.333731125474678, 106.6364146905215
11.331669273609638, 106.63579241803004
11.32847126987334, 106.63489119580102
11.326093783394501, 106.63420455029318
11.325125951380906, 106.63390414288347
11.323547957381194, 106.63353936245743
11.322054115042533, 106.633281870392
11.320686506063893, 106.63304583599867
11.315699937977163, 106.631672544983
11.314416461250733, 106.63139359524547
11.312312388598647, 106.63111464550786
11.310986814891253, 106.63090006878667
11.309471866000134, 106.6308356957703
11.307213893453566, 106.63062111904911
11.304274688790834, 106.63038508465579
11.303138451259008, 106.63047091534428
11.30113950392941, 106.63068549206547
11.294721736735863, 106.63120047619634
11.29160748976405, 106.63167254498299
11.288893017199648, 106.63195149472052
11.28653624500584, 106.63227335980234
11.284474053465193, 106.63259522488411
11.282096201978241, 106.63306729367076
11.278098000232406, 106.63360373547376
11.275551748014353, 106.63407580426039
11.272058505786276, 106.63474099209613
11.270038298135791, 106.63510577252215
11.265745309750574, 106.63589970639063
11.262588659764203, 106.63645760586574
11.259263617658743, 106.63701550534086
11.257180185623335, 106.63748757412752
11.254802108406693, 106.63789526989778
11.252445056739173, 106.63830296566806
11.251119206698013, 106.63851754238925
11.250109031141395, 106.6386892037662
11.249498715025815, 106.63873211911046
11.248614806634878, 106.63858191540561
11.24709952879797, 106.63841025402864
11.245584242991942, 106.63806693127472
11.243626987032883, 106.63772360852082
11.241501349913806, 106.63740174343901
11.239312558679126, 106.63688675930815
11.237649908078645, 106.63671509793119
11.236008294283154, 106.63639323284937
11.233840507903967, 106.63592116406274
11.231798985448227, 106.63557784130882
11.22970877771019, 106.63514868786643
11.226979251420191, 106.6346980767519
11.224243122054038, 106.63405434658831
11.222559337247972, 106.63371102383438
11.219760023279136, 106.63276688626114
11.217486876186541, 106.63212315609753
11.215171615391764, 106.63117901852426
11.211719737580014, 106.6301919656067
11.209888541761746, 106.62961260845947
11.208709834869166, 106.62920491268918
11.20799418905428, 106.62903325131222
11.207446929294829, 106.62860409786983
11.2066826056378, 106.6278101640014
11.20578409520994, 106.62684456875601
11.204310689930626, 106.62465588619973
11.20292147236438, 106.62248866131564
11.201763785962989, 106.62109391262786
11.199469448316817, 106.61811129620322
11.198732730535246, 106.61714570095783
11.197974961717609, 106.61630885174516
11.196606762994017, 106.61465661099176
11.19513331098219, 106.61358372738577
11.19405979122254, 106.6125323014519
11.193007317005717, 106.61160962155076
11.191449648144179, 106.61047236492843
11.189702523100824, 106.609141989257
11.187723838638513, 106.60776869824133
11.185128110402728, 106.60596625378327
11.183850629934858, 106.60489337017714
11.18233501243635, 106.603799028899
11.180629933277014, 106.60261885693244
11.178945894633232, 106.60165326168705
11.177346048861162, 106.60075203945802
11.17271486660871, 106.59819857647565
11.171262344215297, 106.59744755795147
11.169851916961294, 106.59618155529638
11.168104661751602, 106.59470097592013
11.166694219149987, 106.59354226162567
11.16559954255601, 106.59283415844573
11.164589068189803, 106.59221188595417
11.164062778064421, 106.59225480129842
11.163515435321946, 106.59242646267538
11.16298914325033, 106.59261958172445
11.162441798483878, 106.59289853146201
11.161978659798692, 106.59328476956016
11.16181024554821, 106.59347788860924
11.161473416754202, 106.59375683834679
11.16098922467835, 106.59399287274012
11.160357668583552, 106.59410016110071
11.159178760198724, 106.59412161877283
11.158315627811339, 106.59375683834679
11.157515649162153, 106.59315602352746
11.156863033369318, 106.59281270077355
11.156210416110412, 106.59246937801962
11.155599901863615, 106.5925552087081
11.154884124906113, 106.59369246533048
11.15458939270522, 106.59412161877286
11.154189398525848, 106.59497992565765
11.15381045616381, 106.59588114788669
11.153705194308877, 106.59650342037816
11.153368356116877, 106.59714715054174
11.152989412684189, 106.5976192193284
11.152589416302524, 106.5980698304429
11.152168366884975, 106.59845606854105
11.15157889667564, 106.59858481457378
11.150863109814244, 106.5982844071641
11.150442057895928, 106.59774796536111
11.14983153153104, 106.59755484631204
11.149410478118538, 106.59746901562355
11.1488210023165, 106.59770505001687
11.14810520866433, 106.59817711880355
11.147178884851538, 106.59890667965561
11.1462315051724, 106.59972207119617
11.144757797314602, 106.60085932781853
11.143452506975803, 106.60188929608026
11.142420902402707, 106.60279051830928
11.141494560484913, 106.60341279080076
11.141220867990175, 106.60375611355467
11.1405892689427, 106.60377757122679
11.139936615153239, 106.60379902889895
11.135810125050737, 106.60409943630862
11.135157460543292, 106.60424964001349
11.134525848336322, 106.60457150509527
11.134020557584071, 106.60500065853768
11.13357842745643, 106.60551564266855
11.133009973448566, 106.60607354214366
11.132504680065386, 106.60665289929089
11.128013583420035, 106.61218897869777
11.127578023630209, 106.61272542050092
11.127220100898512, 106.61304728558271
11.126735851796841, 106.61328331997603
11.126251601890196, 106.61345498135299
11.12545153506358, 106.61371247341843
11.12183015247787, 106.61476389935234
11.12004049912086, 106.61523596813896
11.119303579838947, 106.61540762951593
11.118208724894666, 106.61575095226985
11.116292718849023, 106.61639468243344
11.114545141917231, 106.61705987026923
11.113134439647155, 106.61759631207222
11.111049956640109, 106.61847607662914
11.109934015171744, 106.61888377239941
11.10894440312904, 106.61948458721875
11.107891620675835, 106.62034289410354
11.105954491038766, 106.62203805020101
11.104459523507629, 106.6232396798397
11.103238276744147, 106.62384049465912
11.102038080982153, 106.62452714016695
11.100795767892077, 106.62502066662572
11.099806124868786, 106.62540690472386
11.098942816513969, 106.62551419308446
11.098009756291566, 106.62551419308446
11.096647667258777, 106.62575022747778
11.095152652082053, 106.62602917721533
11.093341778383714, 106.6262008385923
11.09205731465519, 106.62630812695294
11.09020430785472, 106.62643687298566
11.088603974346357, 106.62645833065778
11.085971827812605, 106.62652270367414
11.08411878244127, 106.6264797883299
11.082406547553132, 106.62641541531355
11.080770636602779, 106.6264154153136
11.080075733607865, 106.62656561901845
11.079549290846238, 106.62665144970693
11.079086020432491, 106.62686602642813
11.078454286868034, 106.62714497616568
11.077380336678527, 106.6275955872802
11.07632744050988, 106.62791745236198
11.07386364867412, 106.62755267193593
11.073295078382518, 106.6274239259032
11.071863118681646, 106.62746684124744
11.069883633446134, 106.62765996029653
11.06864118375079, 106.62770287564076
11.06735661157502, 106.62802474072257
11.065692976942623, 106.62836806347647
11.063776626606924, 106.62862555554196
11.062681563645027, 106.62860409786983
11.061354847266902, 106.62853972485347
11.06028083437155, 106.62843243649287
11.059543764421152, 106.62836806347651
11.058385507897547, 106.62856118252559
11.05680605980887, 106.62901179364019
11.055142365287915, 106.62939803173833
11.053078528588514, 106.62987010052497
11.05253097763885, 106.63012759259038
11.051625410363677, 106.63047091534432
11.04949836925815, 106.63171546032731
11.048108413274354, 106.63242356350726
11.046339368863979, 106.63338915875264
11.044612434273349, 106.63429038098167
11.042253677929713, 106.6356207566531
11.040252932248684, 106.6367150979312
11.037114893146242, 106.63871066143842
11.03606185237766, 106.63929001858565
11.034987746905076, 106.63984791806077
11.033597722229162, 106.64042727520801
11.032523607748558, 106.64102809002736
11.031702223437886, 106.64177910855155
11.03071234698758, 106.64253012707574
11.029680344585552, 106.64353863766547
11.02856409301056, 106.64424674084542
11.027932250617816, 106.64476172497629
11.027321468347383, 106.6454483704841
11.026773869370999, 106.64632813504103
11.026247330931952, 106.64727227261429
11.025699729955127, 106.64821641018756
11.02527849774058, 106.64886014035115
11.024246476264931, 106.6492463784493
11.023060436907786, 106.6492463784493
11.022609194572036, 106.64909992877445
11.021035578600525, 106.6488523979054
11.020081025476387, 106.64866290061627
11.018663632429439, 106.64840519466415
11.017197100841635, 106.64808849560451
11.016313398873582, 106.64791969432042
11.015147655970127, 106.6477020058441
11.013530672006972, 106.64737485503021
11.011309169314336, 106.64685999646836
11.009994590745226, 106.6464314318413
11.009384850741633, 106.64622336362714
11.008963671604283, 106.64585133001
11.008605025244592, 106.64572426657509
11.008352002119967, 106.64557224519632
11.007831444346696, 106.64531976953204
11.00745686857654, 106.64521037636226
11.006749491765047, 106.64519352728918
11.006253158454822, 106.645361083553
11.00582924338066, 106.64542701850029
11.004225972446175, 106.64590747841667
11.003253679920853, 106.64609228993889
11.00246941795292, 106.64630969292261
11.002090312277861, 106.64641103756797
11.001660518847563, 106.64657570642743
11.000013963051199, 106.64689843932415
10.99952632516482, 106.647035055332
10.999202733069678, 106.64713377894418
10.99886637532279, 106.6473557308378
10.99841909569168, 106.64766038728402
10.997937056018577, 106.64801069767918
10.997548898199394, 106.64853351795483
10.997088386564466, 106.64907985247214
10.996829073701704, 106.64949520745469
10.996430858267155, 106.64993696408331
10.995965821704294, 106.65069403641576
10.995621434353128, 106.65141170348255
10.995108746215159, 106.65206557246069
10.994338794713768, 106.65347789860567
10.994051941437116, 106.65395217752801
10.993670025467845, 106.65456959781267
10.993268121620135, 106.65529697638796
10.993002932858587, 106.6558110652827
10.992710862119937, 106.65650190373074
10.99268316800971, 106.65712686055787
10.992560638161883, 106.6578844902369
10.992454558607738, 106.65906703234876
10.992355517544084, 106.65992651461585
10.99226826351388, 106.66060619838879
10.99221771295038, 106.66110227948205
10.991995810598931, 106.66169509816865
10.99152833998921, 106.66257426788285
10.991020992681653, 106.66308028611748
10.990574632282957, 106.66342592063262
10.990041444771018, 106.66370714959801
10.989148593435951, 106.6640911915457
10.988374924229763, 106.66451939314297
10.987614481685918, 106.66491836502546
10.986769446294073, 106.6653248665097
10.986102346442108, 106.6655432087726
10.98556840534192, 106.66580045935417
10.984882918849584, 106.66603379618627
10.984283449961817, 106.66615394664294
10.983518523801209, 106.6664090482224
10.982740303299385, 106.66653976597532
10.982092323958737, 106.66676709205286
10.981478874921645, 106.66689249384048
10.980992004162808, 106.6671482255748
10.980432277865528, 106.66733430042848
10.979670323816519, 106.66768531554328
10.979004762422502, 106.66810522811517
10.978282492019156, 106.66836855408565
10.977493328609288, 106.6687540502462
10.976527647076406, 106.6692220488545
10.975959156295618, 106.66958122372598
10.975199363855815, 106.66985056045101
10.974416838576788, 106.67029824852482
10.97371741480188, 106.6706904502291
10.973236432105173, 106.67098439549285
10.972873148633697, 106.67127454363853
10.9725834669453, 106.67165832704873
10.972223228288057, 106.67219800227109
10.971886592721065, 106.67289053161113
10.971373564582846, 106.6739727904816
10.970847988204186, 106.67495464390935
10.970281976947112, 106.67600020809758
10.969671120748004, 106.67711922628456
10.96927199900931, 106.67792418257639
10.96889560804338, 106.67855078751944
10.968564806181353, 106.6791279168476
10.968267855121525, 106.67973275704331
10.967965002803085, 106.6802993837096
10.967624634623416, 106.68087202113044
10.967230602089376, 106.68153759902654
10.966888805409269, 106.68221589322096
10.96660657340819, 106.68283946046957
10.966298627404534, 106.68354546553158
10.965784098454147, 106.6845797676343
10.965323232926902, 106.68552112926179
10.964805037935134, 106.68658915298664
10.964407464203637, 106.68759567958742
10.96404727903813, 106.68828896835107
10.963518152184934, 106.68961177048352
10.962234748731104, 106.69239605128755
10.961035115079886, 106.69473898501178
10.960570514300851, 106.69556045472012
10.96026181644132, 106.69624248139839
10.959933987209856, 106.69691552426198
10.959285529571352, 106.69788693966231
10.958336936812666, 106.6989064410991
10.957726611151134, 106.69958859704607
10.956967707807175, 106.70034275277895
10.956404461941279, 106.70102338987871
10.95527200232379, 106.70219283700746
10.954099784347601, 106.70329635973923
10.952845197901347, 106.70447934722432
10.951421404154662, 106.705677393913
10.950521107110744, 106.70612887910492
10.949564903369359, 106.70660136962059
10.948265815460141, 106.70696010824034
10.947115303295389, 106.70724684707419
10.945011423732856, 106.70779476287643
10.940941892565611, 106.7087901244039
10.935116961179306, 106.71002452653497
10.929402366560247, 106.71147618833349
10.925857913455419, 106.71238739929719
10.923418429890576, 106.71306134704193
10.921542366385534, 106.71336188476958
10.920934693786949, 106.71352550008666
10.919424883290423, 106.71347818966265
10.917863502319689, 106.71328852778281
10.916705415421427, 106.71333548277822
10.914843842429242, 106.7131939069348
10.912202360541801, 106.71313509207673
10.910181846654826, 106.71303704572804
10.908348188665125, 106.71288496722275
10.906591057341268, 106.71276882397606
10.905271028373003, 106.71276339493078
10.903861158992502, 106.7125976468004
10.90263517328444, 106.71228195297807
10.901385573383097, 106.71181340503801
10.90025947244172, 106.71107204642665
10.89917462007678, 106.71044456897998
10.897443392244247, 106.70904105797308
10.896346597904587, 106.7080299263849
10.895327831865353, 106.70710268682296
10.893994075768129, 106.70605119270323
10.893085766357558, 106.70534121280876
10.891971312016706, 106.70436905417368
10.890825913011632, 106.70331148466502
10.889842416227877, 106.70230629919703
10.889047416391177, 106.70160226542275
10.888018311781961, 106.70064655556966
10.886809651188115, 106.69967743462897
10.885034494456859, 106.69898581017002
10.883170977882173, 106.69818182339361
10.881206310676946, 106.69836999880381
10.88003354648573, 106.6988590673703
10.878757765484648, 106.69937066010776
10.877208230543054, 106.69987187945208
10.875937138266307, 106.70062934555187
10.874490630150097, 106.70162049183124
10.873101751072081, 106.70274059261381
10.871995441616708, 106.70385158031299
10.871520260452636, 106.70433735264753
10.871286398559347, 106.70470013073403
10.871026195653803, 106.70542859533272
10.870735303840847, 106.70668610322322
10.87055475782598, 106.70785364369853
10.870366555862928, 106.70898928525135
10.870250878081068, 106.71042356100902
10.869815967243069, 106.71220416607115
10.86957489992518, 106.71294161448449
10.869036718649133, 106.71413028955229
10.868692761979446, 106.71519748921926
10.868316370480251, 106.71613132124506
10.868056164984706, 106.71685978584375
10.868024238320574, 106.71795532653317
10.867982251265062, 106.71963685109675
10.867904846514353, 106.72108909448374
10.867153425712855, 106.72269748822033
10.865982224833004, 106.72354174063716
10.86517287993618, 106.72389427459925
10.864109036499396, 106.72455264606543
10.862886124403946, 106.72494731994377
10.862279696768073, 106.72485166494587
10.861659970119614, 106.72463162612142
10.860982829929805, 106.72438463585304
10.8597874845932, 106.72384712582154
10.855493450113068, 106.72220942166783
10.854339341852194, 106.721785792801
10.8535973130078, 106.72127206725024
10.852806818580822, 106.72101913086166
10.852145685984434, 106.72037798378992
10.851446402823031, 106.72002609617152
10.850646952554598, 106.71948541917683
10.849641455697144, 106.71898979052409
10.848706767622176, 106.71844027311849
10.84791019425976, 106.71820073368252
10.846977020262646, 106.71821162415063
10.845739120882103, 106.71812673035208
10.844657307587516, 106.71820962060607
10.84377706383153, 106.71810359221502
10.842921922985466, 106.71819837470937
10.842154887203153, 106.71779106535587
10.8412670504275, 106.71713802604368
10.840342298317534, 106.71620774878731
10.838891971737828, 106.71505439501202
10.837877484827601, 106.71427102575316
10.836624630174338, 106.71370656427774
10.835174793435218, 106.71378211883304
10.83387507940263, 106.71383363037015
10.832314869188487, 106.71399915234066
10.830940077169597, 106.71406268538685
10.829502020318264, 106.714214667001
10.828021202091973, 106.71420481068283
10.826577163978945, 106.71416496522625
10.825358319930091, 106.71408905524233
10.823385686505631, 106.71373021973146
10.819195935953745, 106.71324485344563
